0.022343	0.002739	0.001019	0.000965	0.000616	0.000773	0.000616	0.000574	0.000492	0.000466	0.000587	0.000529	0.000399	0.000603	0.000605	0.000586	0.000498	0.000855	0.000659	0.000986	0.000985	0.000867	0.000946	0.000917	0.00096	0.000841	0.000947	0.000954	0.001172	0.001326	0.001296	0.00112	0.001355	0.001118	0.001563	0.001573	0.001642	0.002248	0.002258	0.002585	0.002799	0.002575	0.003286	0.003732	0.003482	0.003824	0.004224	0.004624	0.004612	0.005882	0.006419	0.005396	0.006973	0.00723	0.00833	0.008436	0.009105	0.00954	0.011266	0.011556	0.013751	0.013098	0.015744	0.017602	0.018585	0.021648	0.022937	0.024029	0.02945	0.032195	0.035028	0.034921	0.043821	0.04858	0.056691	0.062693	0.071526	0.070248	0.086968	0.085198	0.101673	0.094283	0.116477	0.129108	0.149897	0.167009	0.202562	0.191737	0.215894	0.219319	0.252083	0.261385	0.290251	0.294143	0.366196	0.352645	0.425764	0.476196	0.724572	0.655419	0.589684
0.022978	0.002891	0.001696	0.000977	0.000825	0.000728	0.000607	0.000595	0.000334	0.000365	0.000523	0.000447	0.000506	0.00048	0.000543	0.000508	0.000449	0.000776	0.000751	0.000688	0.000888	0.000789	0.000853	0.001086	0.000743	0.000923	0.001193	0.001029	0.001096	0.001088	0.001149	0.001351	0.001447	0.001749	0.001995	0.001525	0.001816	0.001838	0.002236	0.002433	0.002623	0.002472	0.002812	0.003506	0.003067	0.003749	0.004184	0.004711	0.004991	0.005197	0.006427	0.006792	0.006371	0.007104	0.00903	0.007649	0.009638	0.010199	0.010487	0.01216	0.012605	0.013276	0.015536	0.019075	0.018557	0.023489	0.021457	0.025078	0.027719	0.031251	0.034985	0.037019	0.042465	0.05095	0.057372	0.064044	0.070984	0.069909	0.09114	0.091082	0.103587	0.098696	0.110968	0.130994	0.156654	0.169421	0.189776	0.203553	0.207382	0.234359	0.284496	0.236087	0.289979	0.316598	0.319815	0.426482	0.373911	0.434628	0.669969	0.304196	0.69184
0.02129	0.00295	0.001371	0.000894	0.000756	0.000617	0.000648	0.000575	0.000495	0.00046	0.000571	0.000377	0.00041	0.000451	0.000492	0.000486	0.000737	0.000539	0.000619	0.000541	0.000628	0.000659	0.000651	0.000732	0.001027	0.000993	0.000939	0.000852	0.000939	0.001211	0.000942	0.001266	0.001564	0.001415	0.0016	0.001686	0.001902	0.001721	0.002145	0.00217	0.002166	0.002694	0.002974	0.003017	0.003584	0.003618	0.004426	0.004412	0.005336	0.005235	0.005164	0.006226	0.008451	0.006734	0.007964	0.007774	0.01006	0.009652	0.011372	0.011768	0.013513	0.012	0.015796	0.018249	0.018859	0.02147	0.020689	0.024989	0.030136	0.031765	0.034949	0.034544	0.039954	0.045634	0.051965	0.05866	0.066965	0.071938	0.0834	0.093776	0.098332	0.091171	0.121969	0.132239	0.153635	0.157527	0.196052	0.191689	0.202335	0.235453	0.246127	0.242334	0.287855	0.337168	0.350559	0.341456	0.403915	0.538798	0.481992	0.492698	0.572225
0.021159	0.00259	0.001413	0.000958	0.000852	0.000793	0.000568	0.0005	0.00052	0.000332	0.0003	0.000359	0.000343	0.000359	0.000315	0.000556	0.000518	0.00068	0.000848	0.000728	0.000703	0.000855	0.000755	0.000743	0.000694	0.000862	0.000815	0.000943	0.001003	0.000916	0.000911	0.00102	0.001253	0.00109	0.001275	0.001364	0.001405	0.001563	0.001908	0.002411	0.001812	0.002208	0.00296	0.002772	0.002719	0.003693	0.004225	0.004322	0.004697	0.005016	0.006332	0.005215	0.006926	0.008234	0.006982	0.007289	0.007899	0.010178	0.010796	0.012005	0.011842	0.012497	0.014941	0.017844	0.018561	0.020517	0.021321	0.022722	0.025898	0.030926	0.033588	0.0321	0.044233	0.048455	0.047786	0.059593	0.065158	0.066125	0.083601	0.088719	0.090418	0.094515	0.113615	0.13316	0.134127	0.159762	0.182549	0.172902	0.213106	0.221556	0.226913	0.238769	0.297997	0.360195	0.317486	0.369	0.435877	0.302243	0.389402	0.598074	0.684463
0.019823	0.002485	0.001224	0.000754	0.000636	0.000537	0.00056	0.000563	0.000507	0.000252	0.000369	0.000383	0.000416	0.00031	0.000518	0.00056	0.000401	0.000583	0.000585	0.000676	0.000517	0.000513	0.000547	0.000631	0.000766	0.000889	0.000822	0.00091	0.000846	0.001079	0.001037	0.000989	0.001137	0.001213	0.00137	0.001652	0.001747	0.001908	0.001758	0.002235	0.002403	0.002361	0.002732	0.003024	0.002911	0.003428	0.003438	0.004326	0.004942	0.005039	0.006205	0.00507	0.005917	0.00742	0.008533	0.006889	0.008622	0.008846	0.010127	0.011462	0.012676	0.011974	0.014618	0.015965	0.019597	0.020493	0.021305	0.023864	0.025729	0.029589	0.034314	0.03564	0.040054	0.047688	0.052977	0.05534	0.061111	0.066217	0.083638	0.093045	0.093233	0.092618	0.112107	0.122713	0.155239	0.163217	0.180764	0.184089	0.182899	0.212634	0.266985	0.246253	0.271017	0.307908	0.327092	0.286587	0.41128	0.492851	0.551976	0.45117	0.434499
0.01969	0.002258	0.001218	0.000933	0.000903	0.000566	0.000521	0.000468	0.000397	0.00035	0.000324	0.000353	0.000323	0.000398	0.000492	0.000401	0.000604	0.000531	0.000612	0.000456	0.000595	0.000601	0.000812	0.000659	0.000555	0.000581	0.000599	0.000675	0.000825	0.000634	0.000782	0.000868	0.001303	0.001223	0.001186	0.001251	0.001402	0.001415	0.001821	0.001998	0.001985	0.002134	0.003034	0.002756	0.002712	0.003718	0.003444	0.003562	0.004064	0.005333	0.004703	0.004749	0.005302	0.006937	0.007905	0.008272	0.007531	0.007875	0.009735	0.010841	0.011409	0.01195	0.015165	0.016301	0.017673	0.020028	0.021372	0.024791	0.026824	0.027995	0.032372	0.032617	0.042846	0.044922	0.051395	0.055297	0.059644	0.06822	0.08091	0.084603	0.087397	0.087619	0.108889	0.124726	0.145533	0.151953	0.177821	0.19041	0.196597	0.210345	0.225342	0.249841	0.264882	0.284996	0.363427	0.362935	0.328985	0.406292	0.584084	0.636387	0.445154
0.02007	0.00197	0.001339	0.000863	0.000739	0.000468	0.000359	0.000386	0.000316	0.000255	0.000243	0.000481	0.000453	0.000265	0.000365	0.000534	0.00054	0.000372	0.000623	0.000636	0.000638	0.000778	0.000571	0.000707	0.000696	0.000688	0.000895	0.000725	0.000857	0.000813	0.000981	0.000969	0.001027	0.00119	0.001085	0.001215	0.001465	0.001707	0.001712	0.001907	0.001959	0.002216	0.0029	0.00233	0.002374	0.003232	0.003906	0.003189	0.004317	0.005196	0.005824	0.004863	0.006303	0.005791	0.006678	0.007696	0.008936	0.008305	0.009736	0.010399	0.012059	0.011306	0.013534	0.016502	0.018147	0.020495	0.021749	0.024024	0.026725	0.029286	0.034519	0.033813	0.040847	0.047913	0.0535	0.056808	0.067843	0.064839	0.078999	0.092997	0.097989	0.10225	0.110719	0.129008	0.153416	0.162531	0.196125	0.191132	0.209161	0.223446	0.248141	0.239333	0.278287	0.305344	0.341031	0.468601	0.45362	0.510779	0.570328	0.472193	0.540604
0.019593	0.002201	0.001245	0.000776	0.000473	0.00055	0.000413	0.000335	0.000287	0.000366	0.00041	0.000344	0.000319	0.000334	0.000429	0.000435	0.000469	0.000677	0.000527	0.000678	0.000576	0.000642	0.000554	0.000663	0.000743	0.000914	0.00077	0.000743	0.000922	0.000714	0.000976	0.000871	0.00125	0.001058	0.001344	0.001391	0.001416	0.001483	0.001745	0.001943	0.002009	0.002226	0.002915	0.002528	0.00267	0.003105	0.003722	0.003679	0.003861	0.005034	0.004857	0.005085	0.005655	0.00585	0.006276	0.006903	0.008189	0.009281	0.009286	0.0103	0.011504	0.011683	0.012957	0.016426	0.017325	0.019481	0.019758	0.023518	0.026853	0.02991	0.0315	0.032101	0.04112	0.045711	0.05088	0.054706	0.061987	0.064145	0.074703	0.082989	0.088802	0.088444	0.111936	0.128702	0.141796	0.152972	0.164085	0.186504	0.179137	0.234865	0.238651	0.237083	0.264882	0.27994	0.337736	0.349898	0.283386	0.415671	0.483812	0.389689	0.585826
0.01857	0.001685	0.001251	0.000598	0.00064	0.00041	0.000455	0.00043	0.000291	0.000306	0.000393	0.000428	0.000296	0.000243	0.000383	0.000385	0.000519	0.000511	0.000498	0.000503	0.000588	0.00063	0.000579	0.000508	0.000682	0.000609	0.000685	0.000679	0.000582	0.000777	0.000921	0.000865	0.000889	0.000907	0.001268	0.001332	0.001584	0.001461	0.001591	0.001783	0.001904	0.002173	0.003061	0.002428	0.002417	0.002651	0.003365	0.003894	0.003712	0.005157	0.005139	0.004477	0.005837	0.006416	0.007486	0.006567	0.007107	0.008801	0.010238	0.009426	0.011837	0.011551	0.014552	0.015096	0.0155	0.019756	0.017804	0.021419	0.025458	0.02571	0.031812	0.031546	0.039186	0.041803	0.048309	0.053862	0.059315	0.062705	0.074051	0.074272	0.084959	0.081971	0.101407	0.121491	0.135747	0.144837	0.160034	0.174439	0.188378	0.215103	0.234342	0.22238	0.242314	0.272447	0.303935	0.287159	0.340757	0.348391	0.377596	0.491002	0.376248
0.019309	0.001715	0.00103	0.000714	0.000643	0.000466	0.000397	0.000431	0.000376	0.00035	0.000272	0.000278	0.000342	0.000305	0.000314	0.000381	0.00041	0.000501	0.000609	0.000444	0.000556	0.000561	0.000586	0.000567	0.000547	0.000552	0.000664	0.000689	0.000867	0.000796	0.000899	0.001011	0.001122	0.001046	0.001104	0.001312	0.001376	0.001262	0.001742	0.002316	0.001948	0.002008	0.00304	0.002491	0.00244	0.00326	0.003672	0.00371	0.004136	0.005613	0.004662	0.004495	0.005436	0.006591	0.007244	0.006531	0.007992	0.008775	0.010097	0.010508	0.009811	0.010731	0.013816	0.015917	0.017301	0.019704	0.018863	0.020477	0.025413	0.028867	0.031563	0.031745	0.039312	0.045191	0.049489	0.05274	0.062974	0.063395	0.07352	0.08257	0.084703	0.088603	0.110856	0.119922	0.146723	0.150769	0.170197	0.171935	0.205538	0.219095	0.242679	0.233621	0.292504	0.312079	0.315223	0.347133	0.419621	0.472619	0.506133	0.517251	0.413069
0.017991	0.001972	0.001143	0.000707	0.000612	0.000452	0.000502	0.000483	0.000319	0.000272	0.000266	0.000395	0.000286	0.000247	0.000382	0.000433	0.000556	0.000585	0.000652	0.00041	0.000422	0.000699	0.000536	0.000684	0.000509	0.000521	0.000526	0.000686	0.000981	0.000796	0.00083	0.000947	0.000818	0.001196	0.001146	0.001243	0.001479	0.001503	0.001604	0.001803	0.002174	0.00222	0.002792	0.002507	0.002565	0.003397	0.003444	0.003849	0.004339	0.004675	0.004495	0.004874	0.005568	0.005967	0.006642	0.006342	0.008248	0.007929	0.008844	0.010801	0.012657	0.010447	0.013595	0.014706	0.016685	0.019963	0.019406	0.022003	0.025547	0.027172	0.030362	0.029613	0.037955	0.040932	0.047248	0.051131	0.059484	0.061729	0.07248	0.076715	0.089349	0.088323	0.105835	0.115134	0.13177	0.147065	0.152315	0.176239	0.185231	0.18611	0.238565	0.250256	0.280963	0.304789	0.314224	0.337697	0.34025	0.413924	0.396483	0.381768	0.374965
0.01764	0.001527	0.000963	0.00067	0.000703	0.000492	0.000439	0.000294	0.000343	0.000307	0.000311	0.000294	0.000289	0.000325	0.000307	0.000335	0.000407	0.000478	0.00039	0.000741	0.000634	0.000549	0.000553	0.000648	0.000673	0.000751	0.000592	0.000777	0.000726	0.000844	0.000757	0.000779	0.000867	0.001105	0.001076	0.001261	0.001546	0.001484	0.001508	0.001505	0.00178	0.001714	0.002525	0.002205	0.002287	0.00263	0.00334	0.00295	0.004091	0.004481	0.004469	0.004165	0.005646	0.006082	0.006983	0.006694	0.007356	0.008067	0.008283	0.008892	0.011535	0.012472	0.012674	0.013533	0.014926	0.017803	0.019646	0.021773	0.023916	0.026602	0.029182	0.030071	0.035946	0.041972	0.048191	0.051025	0.056404	0.059719	0.075554	0.078897	0.082884	0.084131	0.09709	0.117908	0.12648	0.133624	0.163306	0.171964	0.177261	0.184568	0.234073	0.237107	0.238173	0.276556	0.310179	0.341676	0.327491	0.464816	0.443557	0.449569	0.511018
0.017919	0.001661	0.000954	0.000538	0.0005	0.000434	0.000451	0.000359	0.000253	0.000302	0.000177	0.000259	0.000263	0.000411	0.000242	0.000347	0.000423	0.000584	0.000548	0.000611	0.000565	0.000639	0.000789	0.000544	0.000519	0.000572	0.000586	0.000821	0.000672	0.000654	0.000897	0.00075	0.000815	0.001016	0.001264	0.001331	0.001187	0.001553	0.001465	0.001652	0.001768	0.002102	0.002524	0.002555	0.002266	0.002711	0.003259	0.003811	0.004141	0.00415	0.004594	0.005011	0.00561	0.006129	0.007514	0.006316	0.0081	0.007216	0.009535	0.009252	0.010555	0.01156	0.015563	0.014042	0.015703	0.017364	0.018592	0.022444	0.024243	0.026286	0.028811	0.031131	0.039771	0.044813	0.049088	0.051122	0.058305	0.061645	0.071879	0.081742	0.084885	0.084482	0.102171	0.115958	0.141763	0.144508	0.162269	0.170285	0.16867	0.20994	0.214935	0.229509	0.285518	0.289446	0.298853	0.352571	0.416008	0.409046	0.53907	0.395419	0.419029
0.017459	0.001556	0.000826	0.00059	0.000634	0.000552	0.000338	0.000362	0.000309	0.000232	0.000223	0.000333	0.000218	0.000271	0.000276	0.000301	0.000426	0.000599	0.000472	0.000651	0.000588	0.00053	0.000618	0.000706	0.000681	0.000686	0.000639	0.000685	0.000811	0.000838	0.000788	0.000811	0.000918	0.001064	0.001289	0.0012	0.001405	0.001545	0.001574	0.001956	0.002117	0.001871	0.002193	0.003076	0.002754	0.003038	0.002945	0.003509	0.004005	0.00476	0.004924	0.004508	0.00637	0.006238	0.006243	0.006605	0.008166	0.008533	0.009061	0.010309	0.010878	0.010789	0.015753	0.017972	0.014767	0.017579	0.017334	0.021491	0.023463	0.026876	0.030739	0.028223	0.037032	0.044533	0.046879	0.051224	0.058254	0.059336	0.070471	0.081055	0.081079	0.086264	0.103481	0.115808	0.130466	0.136003	0.158884	0.169493	0.185066	0.201564	0.212263	0.22805	0.268386	0.300619	0.326259	0.310566	0.407031	0.432258	0.423309	0.409207	0.427814
0.016848	0.001636	0.000755	0.000784	0.000541	0.000557	0.000484	0.000298	0.000331	0.000268	0.000221	0.000269	0.000292	0.000423	0.00033	0.000437	0.00067	0.000545	0.000559	0.00057	0.000568	0.000633	0.000646	0.000735	0.000568	0.000541	0.000619	0.000849	0.000781	0.000847	0.000858	0.000826	0.001013	0.001039	0.001154	0.001306	0.001382	0.001572	0.001632	0.002152	0.002164	0.001723	0.002492	0.002546	0.002956	0.002475	0.003275	0.004447	0.004594	0.004694	0.005178	0.004337	0.005698	0.0066	0.006895	0.006509	0.00825	0.008313	0.009654	0.010715	0.01123	0.011498	0.01361	0.016768	0.018684	0.016836	0.018191	0.020266	0.02566	0.02814	0.030613	0.030683	0.038017	0.04468	0.051408	0.055549	0.060646	0.062777	0.074893	0.083337	0.089653	0.088723	0.102856	0.124544	0.145592	0.142791	0.164167	0.173345	0.190218	0.213252	0.239044	0.238224	0.258206	0.290499	0.313826	0.337185	0.338395	0.414742	0.382423	0.487706	0.488865
0.016497	0.00142	0.000804	0.00072	0.000551	0.000394	0.000417	0.000289	0.000267	0.000262	0.000341	0.000181	0.000267	0.000337	0.000323	0.000437	0.000515	0.000536	0.000658	0.000571	0.000618	0.000657	0.000627	0.000691	0.000656	0.000711	0.000729	0.000707	0.000706	0.000858	0.000774	0.001047	0.001137	0.001225	0.000828	0.001433	0.001334	0.001452	0.001615	0.002181	0.001718	0.001995	0.00277	0.002313	0.002972	0.003645	0.00337	0.003904	0.00417	0.004941	0.004935	0.004868	0.005901	0.005681	0.007339	0.007036	0.00745	0.009061	0.009682	0.010033	0.011302	0.010824	0.013506	0.014329	0.017384	0.020374	0.017174	0.021584	0.024216	0.027898	0.029913	0.030979	0.036751	0.045423	0.046835	0.052674	0.053797	0.057104	0.071226	0.08174	0.086313	0.089065	0.100694	0.116583	0.134966	0.147694	0.154393	0.174333	0.184463	0.196798	0.225662	0.222535	0.240097	0.291549	0.30739	0.378429	0.342265	0.342638	0.484033	0.457511	0.42316
0.016175	0.001374	0.000692	0.000535	0.000482	0.000484	0.000381	0.000272	0.000258	0.000373	0.000222	0.000281	0.00016	0.000302	0.000335	0.000359	0.000591	0.000661	0.000647	0.000657	0.000468	0.000679	0.000509	0.000835	0.000563	0.000497	0.000769	0.000745	0.000668	0.001021	0.001005	0.000838	0.001184	0.000955	0.001017	0.00138	0.00161	0.001649	0.001305	0.002125	0.002167	0.001998	0.002001	0.002682	0.002359	0.002845	0.003484	0.003723	0.004444	0.004424	0.004859	0.005314	0.005939	0.006612	0.007546	0.007222	0.008947	0.008376	0.009347	0.010325	0.011642	0.012024	0.013422	0.014901	0.016326	0.021303	0.022223	0.019045	0.02412	0.027196	0.032215	0.031884	0.038701	0.043892	0.048406	0.053181	0.061722	0.061282	0.073207	0.08063	0.087488	0.086531	0.110129	0.121285	0.13901	0.149395	0.164508	0.168571	0.19704	0.207392	0.221607	0.229511	0.279353	0.308529	0.384493	0.347935	0.30833	0.338044	0.315464	0.328413	0.428766
0.015852	0.001501	0.000825	0.000483	0.000494	0.000368	0.000269	0.000351	0.000365	0.0003	0.000162	0.000285	0.000316	0.000177	0.000309	0.000314	0.000386	0.000499	0.000605	0.000638	0.000777	0.000673	0.000471	0.000586	0.000549	0.000656	0.000608	0.000622	0.000638	0.000727	0.000686	0.000647	0.000871	0.001139	0.001047	0.000989	0.00117	0.001092	0.001581	0.001869	0.002153	0.001986	0.00266	0.002446	0.002519	0.00298	0.003536	0.003746	0.004243	0.00461	0.005194	0.004963	0.00587	0.006746	0.007117	0.00685	0.008409	0.008619	0.00921	0.010945	0.011409	0.011733	0.013758	0.015362	0.015723	0.017293	0.020328	0.022821	0.021288	0.024983	0.031182	0.029534	0.037856	0.041691	0.044744	0.052994	0.05731	0.059044	0.06627	0.077391	0.081266	0.085421	0.099177	0.117155	0.126662	0.133028	0.150683	0.172909	0.172786	0.196913	0.220593	0.217916	0.261537	0.266354	0.301347	0.310606	0.357059	0.309375	0.393265	0.479046	0.498325
0.016067	0.001481	0.000857	0.000646	0.000513	0.00049	0.000407	0.000309	0.000289	0.000327	0.00028	0.000197	0.000337	0.000249	0.000344	0.000476	0.000398	0.000748	0.000757	0.000616	0.000554	0.000701	0.00052	0.000587	0.000543	0.000564	0.000683	0.000598	0.000612	0.000736	0.000813	0.000899	0.000965	0.000992	0.001272	0.001223	0.001077	0.001557	0.001679	0.001945	0.002082	0.002025	0.002202	0.002757	0.002746	0.00306	0.003246	0.003513	0.00439	0.00444	0.00525	0.004609	0.005771	0.006502	0.006646	0.006721	0.007956	0.00799	0.010128	0.010812	0.010608	0.011912	0.013918	0.015406	0.017018	0.019301	0.017479	0.023276	0.026293	0.024585	0.027966	0.029733	0.037789	0.04267	0.047893	0.052969	0.058108	0.063581	0.073626	0.080218	0.087878	0.087899	0.10791	0.117829	0.133819	0.14969	0.166557	0.175292	0.195103	0.219295	0.238287	0.245862	0.267385	0.315675	0.326125	0.406969	0.373572	0.41275	0.470134	0.483871	0.530651
0.016095	0.001428	0.000847	0.000676	0.00055	0.00043	0.000385	0.000452	0.00024	0.000312	0.000188	0.000234	0.000231	0.000217	0.000294	0.000452	0.000483	0.000603	0.000561	0.000756	0.000578	0.000519	0.000455	0.000605	0.000566	0.00058	0.000626	0.000607	0.000703	0.000825	0.000501	0.000722	0.000818	0.000783	0.00105	0.001137	0.001235	0.001459	0.001364	0.001667	0.001743	0.001805	0.002451	0.002325	0.002726	0.002704	0.003063	0.003595	0.004169	0.004082	0.004801	0.004829	0.005661	0.006061	0.007637	0.006785	0.00818	0.007939	0.009542	0.010098	0.011157	0.011558	0.013756	0.014583	0.016402	0.017932	0.018983	0.019274	0.0251	0.029731	0.028659	0.029756	0.035694	0.039935	0.046892	0.052901	0.057717	0.058756	0.07172	0.078739	0.078305	0.082894	0.096211	0.109189	0.127733	0.131577	0.152253	0.161818	0.173205	0.192201	0.206218	0.201129	0.263998	0.260794	0.288518	0.327999	0.330606	0.318554	0.388362	0.459267	0.498114
0.016036	0.001289	0.000787	0.00056	0.00053	0.000418	0.000389	0.000337	0.000284	0.000286	0.00029	0.000277	0.000264	0.000419	0.000393	0.00038	0.000493	0.00069	0.000641	0.000767	0.000526	0.000653	0.000537	0.000547	0.000569	0.000701	0.000644	0.000749	0.000689	0.00075	0.000725	0.000841	0.001047	0.000951	0.001222	0.001246	0.001738	0.001403	0.002015	0.001934	0.001975	0.002145	0.002397	0.002742	0.002511	0.002953	0.003174	0.003761	0.003882	0.004695	0.00477	0.005186	0.00616	0.006377	0.006617	0.007084	0.008223	0.009236	0.009362	0.010625	0.011819	0.012114	0.013986	0.015521	0.016366	0.019267	0.020136	0.020923	0.023831	0.027701	0.034871	0.031743	0.037084	0.041986	0.048573	0.054178	0.061534	0.060395	0.071794	0.080558	0.088186	0.088763	0.103744	0.109596	0.136206	0.141017	0.165176	0.164838	0.172628	0.192119	0.210491	0.230425	0.27299	0.261804	0.310072	0.308977	0.377203	0.427884	0.416005	0.438867	0.528117
0.015943	0.00143	0.000761	0.000507	0.000402	0.000346	0.000401	0.000315	0.000234	0.000294	0.000184	0.000146	0.000197	0.000293	0.000275	0.00049	0.000605	0.000757	0.000851	0.000686	0.00067	0.000726	0.000488	0.000674	0.00071	0.000552	0.000631	0.000639	0.000614	0.000696	0.000663	0.000924	0.000706	0.000927	0.001181	0.00102	0.001279	0.001411	0.001371	0.001581	0.00168	0.001925	0.002365	0.002367	0.002585	0.003081	0.003422	0.003501	0.004044	0.004292	0.004798	0.00494	0.00565	0.005688	0.005862	0.006806	0.007792	0.008	0.00869	0.009808	0.010253	0.011778	0.013197	0.014247	0.013901	0.016525	0.017137	0.020902	0.020974	0.02596	0.028734	0.032037	0.034646	0.040104	0.043289	0.050675	0.055729	0.05866	0.070794	0.077559	0.07958	0.08151	0.100486	0.112317	0.124307	0.144261	0.154972	0.165456	0.174598	0.187893	0.215987	0.220603	0.23869	0.262645	0.307942	0.344159	0.37383	0.412601	0.446352	0.394323	0.400748
0.014433	0.001256	0.000701	0.000549	0.00056	0.000347	0.00041	0.000312	0.000303	0.000216	0.000252	0.000206	0.000201	0.000293	0.00034	0.000323	0.000494	0.000679	0.000596	0.000616	0.000603	0.000569	0.000479	0.000534	0.00067	0.000521	0.000544	0.000634	0.000565	0.000851	0.000857	0.000669	0.000994	0.000949	0.00089	0.001027	0.000951	0.001141	0.001466	0.001773	0.001722	0.001597	0.002205	0.002354	0.002535	0.002876	0.003218	0.003716	0.003748	0.003887	0.004587	0.005284	0.005624	0.005552	0.006185	0.00646	0.007314	0.008031	0.009584	0.009837	0.009889	0.010353	0.012589	0.015157	0.014511	0.016168	0.015804	0.020387	0.022847	0.024666	0.025617	0.030914	0.036346	0.035892	0.042588	0.048206	0.054159	0.055376	0.066248	0.075293	0.076799	0.081591	0.097719	0.106977	0.128132	0.13156	0.152035	0.16083	0.169756	0.199732	0.209248	0.220739	0.231395	0.265057	0.305666	0.309708	0.343716	0.326798	0.393606	0.462139	0.452384
0.013746	0.001237	0.000603	0.000519	0.000482	0.00035	0.000472	0.000273	0.000286	0.00022	0.000191	0.000228	0.000268	0.000208	0.000349	0.000447	0.000484	0.000588	0.000718	0.00058	0.000485	0.000481	0.000501	0.000457	0.00052	0.000524	0.000534	0.000541	0.000479	0.000668	0.000701	0.00083	0.000867	0.00089	0.000807	0.000984	0.001045	0.001235	0.001373	0.001451	0.001595	0.001473	0.00223	0.002374	0.002347	0.002682	0.002961	0.003425	0.003786	0.004884	0.004157	0.003979	0.005092	0.005697	0.006342	0.006641	0.007313	0.007928	0.008477	0.010008	0.009699	0.010975	0.012325	0.013551	0.013797	0.015937	0.016198	0.018679	0.02195	0.022849	0.02568	0.025988	0.03444	0.039596	0.041007	0.045491	0.05092	0.052479	0.063853	0.075333	0.079943	0.079535	0.094966	0.108095	0.121033	0.138882	0.147479	0.15089	0.174396	0.202036	0.18888	0.197993	0.251103	0.294005	0.278022	0.301551	0.355043	0.440539	0.406268	0.414065	0.48507
0.01337	0.001056	0.000729	0.000613	0.000317	0.000432	0.000357	0.000252	0.000297	0.000184	0.000211	0.000278	0.000219	0.000291	0.000303	0.000397	0.000364	0.000585	0.000654	0.000538	0.000556	0.000454	0.000467	0.000522	0.00054	0.00055	0.000717	0.000616	0.000482	0.00062	0.000728	0.000675	0.000757	0.000755	0.000775	0.001013	0.00099	0.001265	0.001517	0.001619	0.001604	0.001652	0.002322	0.002367	0.002608	0.00269	0.003165	0.003583	0.003693	0.004348	0.004696	0.005057	0.005483	0.005712	0.006335	0.006653	0.007091	0.00824	0.008864	0.009522	0.010985	0.010769	0.011918	0.013519	0.01548	0.016382	0.017785	0.019583	0.021646	0.025326	0.024671	0.02717	0.031076	0.037958	0.044723	0.045451	0.053805	0.054608	0.064226	0.072929	0.079533	0.084316	0.098441	0.107445	0.125974	0.137362	0.157339	0.164912	0.171237	0.205183	0.216127	0.23708	0.26014	0.290301	0.325725	0.328826	0.376403	0.39253	0.420278	0.554827	0.554554
0.012169	0.001085	0.000667	0.000563	0.000428	0.000354	0.000255	0.000232	0.000218	0.000246	0.000201	0.000267	0.00019	0.000203	0.00029	0.000366	0.000429	0.000546	0.000719	0.000574	0.00063	0.000484	0.000537	0.000454	0.000473	0.000509	0.000501	0.000488	0.0005	0.000584	0.000681	0.000599	0.000782	0.000825	0.000869	0.001	0.001207	0.001433	0.00166	0.001425	0.001623	0.001606	0.001905	0.00235	0.002469	0.00265	0.00274	0.003446	0.003593	0.003536	0.004353	0.004222	0.005195	0.004985	0.005772	0.006301	0.006479	0.007408	0.007988	0.009203	0.010592	0.009861	0.011313	0.012152	0.015478	0.015401	0.01691	0.018618	0.020788	0.022324	0.025627	0.025443	0.030928	0.032684	0.039509	0.046382	0.044705	0.051551	0.055791	0.063871	0.071795	0.075193	0.089772	0.095247	0.110451	0.121165	0.141348	0.147629	0.16181	0.190486	0.193969	0.202467	0.222467	0.22223	0.271983	0.295397	0.319765	0.341103	0.377935	0.437421	0.389204
0.012207	0.001012	0.000601	0.000316	0.000311	0.000336	0.000353	0.000255	0.000249	0.000201	0.000203	0.000233	0.000194	0.000285	0.000351	0.00036	0.000421	0.000461	0.000619	0.00054	0.000479	0.000412	0.000379	0.000508	0.000589	0.000477	0.000565	0.000454	0.000646	0.000559	0.000556	0.000711	0.000877	0.000815	0.000905	0.001113	0.000852	0.001086	0.001138	0.001497	0.001378	0.001717	0.001868	0.002324	0.002257	0.002569	0.002674	0.003065	0.003398	0.003916	0.00424	0.00413	0.005175	0.005311	0.0058	0.006134	0.006976	0.006934	0.008224	0.008919	0.00929	0.009974	0.012205	0.012701	0.013209	0.015467	0.0163	0.018462	0.020499	0.022224	0.02414	0.026083	0.030827	0.035148	0.036084	0.045614	0.051555	0.048987	0.061792	0.064378	0.072869	0.078488	0.088672	0.103813	0.116704	0.129932	0.154747	0.15534	0.166409	0.178419	0.21303	0.216992	0.238819	0.264577	0.311001	0.332193	0.342329	0.411028	0.432174	0.444513	0.3354
0.010885	0.000788	0.000615	0.000415	0.000377	0.000257	0.000267	0.000297	0.000215	0.000231	0.000184	0.000135	0.00024	0.000201	0.000291	0.000466	0.00046	0.000523	0.000619	0.00059	0.00062	0.000509	0.000504	0.000479	0.000624	0.000404	0.000515	0.00051	0.000537	0.000626	0.000583	0.000648	0.000554	0.00077	0.000947	0.001018	0.000989	0.001143	0.001205	0.001177	0.001278	0.001693	0.002048	0.002086	0.002393	0.002319	0.002825	0.003073	0.003136	0.003716	0.003905	0.004189	0.005135	0.004662	0.005986	0.005561	0.006355	0.007361	0.007577	0.008415	0.009054	0.009388	0.011348	0.0129	0.013665	0.014197	0.015481	0.016209	0.019319	0.021497	0.022498	0.024591	0.029015	0.031786	0.036285	0.037165	0.046783	0.051321	0.055083	0.065545	0.064632	0.077693	0.085479	0.098988	0.110519	0.115349	0.127979	0.145084	0.158489	0.177497	0.173788	0.206466	0.224092	0.251824	0.260511	0.269595	0.327964	0.356794	0.287805	0.43228	0.440468
0.010761	0.000835	0.00064	0.000388	0.000397	0.000259	0.000286	0.000214	0.000218	0.000205	0.000189	0.000257	0.000226	0.000264	0.000216	0.000345	0.000456	0.000552	0.000605	0.000701	0.000617	0.000589	0.000614	0.000517	0.000519	0.00045	0.000536	0.000527	0.000506	0.000414	0.000725	0.000658	0.000682	0.000749	0.000768	0.000881	0.0009	0.001149	0.001191	0.001365	0.001531	0.001633	0.001902	0.001901	0.001898	0.0024	0.002579	0.002866	0.00312	0.00338	0.003768	0.003819	0.004465	0.004931	0.005646	0.005858	0.006321	0.007134	0.007338	0.008268	0.00948	0.009366	0.011316	0.012296	0.01307	0.013376	0.014605	0.016932	0.019221	0.020741	0.022125	0.023731	0.028813	0.032768	0.035425	0.040116	0.042385	0.047438	0.054543	0.057105	0.067652	0.070996	0.081412	0.093942	0.10751	0.112156	0.133497	0.13947	0.150207	0.179573	0.18664	0.198529	0.211147	0.217622	0.253475	0.2882	0.27877	0.311829	0.39854	0.401596	0.445914
0.009723	0.000867	0.000551	0.000371	0.000317	0.000231	0.00018	0.000278	0.000169	0.000295	0.000181	0.000171	0.00014	0.0002	0.000164	0.000263	0.000421	0.000485	0.000602	0.000529	0.000537	0.000621	0.000527	0.000642	0.000597	0.000514	0.000564	0.00054	0.000481	0.000511	0.000514	0.000521	0.000673	0.000622	0.000933	0.000642	0.000968	0.000772	0.000961	0.001408	0.001206	0.001251	0.001532	0.001714	0.002307	0.001961	0.002295	0.002813	0.00292	0.003077	0.003428	0.003756	0.004318	0.004539	0.005217	0.005586	0.005713	0.006546	0.006899	0.007645	0.008421	0.008636	0.009983	0.011547	0.012708	0.013244	0.014319	0.016885	0.016733	0.020294	0.022295	0.02282	0.026273	0.02887	0.034924	0.037773	0.038935	0.041871	0.052392	0.059316	0.062747	0.070576	0.082084	0.08949	0.10113	0.111157	0.130161	0.131277	0.144741	0.167821	0.179286	0.195079	0.21935	0.246893	0.250747	0.289479	0.309148	0.33658	0.392087	0.31674	0.412713
0.009591	0.000768	0.000426	0.000233	0.000351	0.000264	0.000246	0.000203	0.000165	0.000227	0.000223	0.000141	0.000105	0.000262	0.000314	0.000293	0.000349	0.000442	0.000526	0.000443	0.000548	0.000486	0.000608	0.000326	0.000602	0.000366	0.000392	0.000543	0.000443	0.000467	0.000583	0.000528	0.000668	0.000781	0.000664	0.000709	0.000948	0.001021	0.000814	0.001292	0.001456	0.001525	0.001596	0.00165	0.001911	0.001993	0.002421	0.002615	0.002618	0.003093	0.003337	0.003435	0.004165	0.004457	0.004691	0.005025	0.006104	0.006368	0.006788	0.007741	0.008204	0.008039	0.009832	0.011184	0.011052	0.013394	0.013926	0.01516	0.017312	0.019247	0.022223	0.022058	0.026758	0.029011	0.032274	0.037904	0.040266	0.04131	0.049086	0.061089	0.063117	0.068299	0.081799	0.092858	0.103062	0.116878	0.125691	0.134723	0.144642	0.160828	0.175566	0.188823	0.213959	0.243753	0.248293	0.271305	0.322094	0.330136	0.372036	0.38392	0.441286
0.009043	0.000919	0.000444	0.00035	0.000266	0.000252	0.000152	0.000146	0.000163	0.000178	0.000196	0.000153	0.000194	0.000169	0.000317	0.000304	0.000428	0.000519	0.000514	0.000505	0.000507	0.000451	0.000444	0.000492	0.000427	0.000504	0.000598	0.000495	0.000404	0.000578	0.00042	0.000594	0.000606	0.000547	0.000673	0.000766	0.000779	0.000927	0.001004	0.000863	0.00108	0.001311	0.001555	0.001442	0.001658	0.002232	0.002443	0.002547	0.00284	0.003313	0.003307	0.003395	0.00371	0.004056	0.004764	0.004904	0.005563	0.006038	0.006899	0.007402	0.007687	0.008433	0.00979	0.011082	0.012262	0.012244	0.014455	0.016382	0.016796	0.019822	0.020598	0.022867	0.025658	0.029328	0.032517	0.036383	0.041026	0.043631	0.050567	0.052996	0.062469	0.072606	0.073533	0.088563	0.097794	0.110735	0.123483	0.13288	0.142069	0.162406	0.169613	0.1935	0.209766	0.245891	0.250036	0.281926	0.301229	0.376808	0.336264	0.4305	0.395318
0.008901	0.000848	0.000595	0.000314	0.00024	0.000228	0.000164	0.000217	0.000161	0.000154	0.000155	0.000209	0.000212	0.000185	0.000152	0.000299	0.000392	0.000321	0.000538	0.000493	0.000516	0.000427	0.000387	0.00051	0.000573	0.000533	0.000585	0.000494	0.000497	0.000513	0.000391	0.000555	0.000537	0.000658	0.000608	0.000692	0.000757	0.000874	0.000921	0.001005	0.001136	0.001229	0.001662	0.001754	0.001646	0.001808	0.002137	0.002559	0.002644	0.00303	0.003365	0.003771	0.004647	0.004484	0.004831	0.004627	0.005243	0.00661	0.007199	0.007253	0.008574	0.008739	0.011216	0.0108	0.011298	0.012958	0.013252	0.016653	0.018503	0.018608	0.02022	0.023561	0.026579	0.027716	0.031593	0.034994	0.041053	0.043821	0.053201	0.055988	0.059633	0.072829	0.083189	0.085644	0.101934	0.111801	0.130978	0.136029	0.146531	0.17458	0.188027	0.215006	0.235754	0.244913	0.265076	0.311939	0.312432	0.343897	0.338933	0.443409	0.440256
0.00882	0.000685	0.000465	0.000412	0.000249	0.000203	0.000192	0.000231	0.000133	0.000136	0.000168	0.000139	0.000151	0.000242	0.000238	0.000295	0.000323	0.000357	0.000367	0.000363	0.00043	0.000409	0.000523	0.000529	0.000515	0.000436	0.000559	0.000516	0.000466	0.000485	0.000469	0.000582	0.000657	0.000557	0.000555	0.000751	0.00072	0.000619	0.001066	0.00115	0.00102	0.001112	0.00116	0.001493	0.001915	0.001972	0.002316	0.00254	0.002379	0.002641	0.003181	0.003751	0.003563	0.004918	0.004505	0.004785	0.005947	0.006024	0.006122	0.007664	0.007794	0.008137	0.009579	0.011068	0.012481	0.012007	0.01353	0.015142	0.016859	0.018852	0.020375	0.021997	0.028011	0.028055	0.0292	0.034963	0.038597	0.04021	0.04832	0.054403	0.059917	0.063348	0.078663	0.088828	0.085807	0.102629	0.117986	0.126246	0.1399	0.156674	0.159127	0.175866	0.201707	0.223872	0.261274	0.275779	0.283758	0.315983	0.379036	0.409339	0.339762
0.008201	0.000639	0.000397	0.000384	0.000223	0.000186	0.000184	0.000157	0.000179	0.000199	0.000152	0.000198	0.000167	0.0002	0.000188	0.000345	0.000366	0.000354	0.000541	0.000625	0.000569	0.000564	0.00046	0.000447	0.00049	0.00042	0.000495	0.000501	0.000552	0.000527	0.000531	0.000643	0.000547	0.000565	0.000562	0.000775	0.00074	0.000857	0.000815	0.001337	0.001045	0.00123	0.001513	0.001817	0.001602	0.001906	0.002187	0.002294	0.002335	0.002616	0.003021	0.003066	0.003835	0.004473	0.004615	0.004903	0.004887	0.005956	0.006414	0.006654	0.007841	0.008155	0.009103	0.01026	0.01261	0.012487	0.014039	0.015021	0.016545	0.018521	0.021953	0.022311	0.02477	0.029483	0.029447	0.032358	0.037845	0.042369	0.04605	0.055675	0.058976	0.065149	0.076618	0.089351	0.103624	0.10145	0.117446	0.13062	0.138705	0.163208	0.173969	0.189274	0.201907	0.238657	0.249561	0.281048	0.310549	0.333214	0.345642	0.38311	0.360616
0.008719	0.000683	0.0005	0.000334	0.000252	0.000212	0.000291	0.000166	0.000191	0.000127	0.000132	0.000175	0.000129	0.000138	0.000213	0.000285	0.000275	0.000499	0.000576	0.000465	0.000519	0.00049	0.000427	0.000569	0.000615	0.000471	0.000584	0.000591	0.000543	0.000594	0.000468	0.000599	0.000623	0.000561	0.000714	0.000624	0.000722	0.000939	0.000877	0.000964	0.000872	0.001001	0.001256	0.001557	0.001693	0.002116	0.001945	0.002478	0.002193	0.003091	0.002686	0.003259	0.003824	0.00442	0.004658	0.00509	0.005127	0.006042	0.006471	0.007543	0.007547	0.007845	0.008708	0.010102	0.0117	0.012456	0.012241	0.014705	0.015822	0.019184	0.019668	0.023468	0.027327	0.027193	0.032527	0.0353	0.037388	0.04353	0.047708	0.057043	0.064589	0.062557	0.077857	0.08665	0.104981	0.117826	0.125339	0.143509	0.148858	0.173822	0.179635	0.187749	0.225382	0.24748	0.259928	0.274257	0.319933	0.36255	0.344969	0.432815	0.420397
0.007584	0.000643	0.000415	0.000294	0.00023	0.000232	0.000219	0.00021	0.000104	0.000189	0.00016	0.000074	0.000166	0.00018	0.000195	0.000149	0.00044	0.000501	0.000426	0.000508	0.000587	0.000584	0.000517	0.000476	0.000432	0.000476	0.0004	0.000495	0.000524	0.00049	0.000448	0.000511	0.000483	0.000665	0.000661	0.000518	0.000715	0.000768	0.000724	0.001132	0.001195	0.001256	0.001173	0.001666	0.001594	0.001519	0.001906	0.002196	0.002091	0.002857	0.002981	0.002874	0.003583	0.003953	0.004135	0.004949	0.005037	0.005307	0.006188	0.006442	0.007262	0.00735	0.009169	0.010048	0.010052	0.011396	0.01362	0.015742	0.015659	0.01883	0.01938	0.022502	0.025312	0.027887	0.029053	0.03433	0.034597	0.040974	0.048386	0.050543	0.057903	0.061626	0.07406	0.082324	0.090489	0.104851	0.120801	0.120443	0.133783	0.149812	0.18335	0.183342	0.214359	0.224859	0.245242	0.256416	0.307156	0.298951	0.332031	0.309355	0.361406
0.007924	0.000552	0.000343	0.000252	0.000242	0.00016	0.000111	0.000217	0.000156	0.000172	0.000137	0.000109	0.000138	0.00018	0.000127	0.00023	0.000366	0.000408	0.000565	0.000616	0.000478	0.000455	0.000571	0.000482	0.000493	0.000442	0.000418	0.000357	0.000622	0.00057	0.000522	0.000512	0.000567	0.000626	0.000613	0.000695	0.000789	0.000791	0.000876	0.000927	0.001172	0.000952	0.00131	0.001358	0.001574	0.001739	0.00205	0.002146	0.002412	0.002357	0.003284	0.003281	0.003681	0.00362	0.003867	0.004455	0.005411	0.005143	0.005794	0.006831	0.007182	0.007353	0.00933	0.009151	0.010617	0.011781	0.012081	0.01439	0.014405	0.01864	0.01926	0.021464	0.025359	0.025902	0.029467	0.032693	0.037413	0.040322	0.046784	0.051943	0.059997	0.062751	0.075948	0.0857	0.091989	0.098872	0.12138	0.128452	0.13521	0.159371	0.162767	0.202149	0.205078	0.238606	0.271679	0.286063	0.305046	0.366712	0.369445	0.324201	0.454541
0.007078	0.000779	0.000436	0.000248	0.000224	0.000165	0.000208	0.00016	0.00018	0.000163	0.000102	0.000177	0.000116	0.000145	0.000179	0.000215	0.000328	0.000482	0.000492	0.000424	0.00054	0.000511	0.000505	0.00042	0.00052	0.000421	0.000484	0.000447	0.000609	0.000438	0.000489	0.000605	0.000506	0.000521	0.000719	0.000692	0.000681	0.000781	0.000785	0.001078	0.000954	0.001202	0.001033	0.001441	0.001504	0.001725	0.002057	0.00233	0.002295	0.002281	0.003037	0.002557	0.003438	0.003643	0.004068	0.004369	0.005082	0.005168	0.006027	0.006816	0.006582	0.007726	0.008449	0.009717	0.010399	0.011414	0.012714	0.013902	0.014132	0.017144	0.018423	0.021307	0.022225	0.026405	0.029527	0.032764	0.036576	0.040788	0.045881	0.05329	0.059075	0.06184	0.071371	0.083597	0.09336	0.102199	0.105124	0.129769	0.140085	0.146941	0.164644	0.18467	0.209439	0.236124	0.25336	0.27652	0.27705	0.31221	0.323157	0.348412	0.397077
0.007566	0.000574	0.000406	0.000265	0.000237	0.000221	0.000188	0.000215	0.000117	0.00011	0.000152	0.00016	0.000084	0.000213	0.000143	0.000331	0.000354	0.000311	0.000539	0.000405	0.000515	0.000412	0.000576	0.000538	0.000407	0.000469	0.000457	0.000498	0.0003	0.000479	0.000555	0.000592	0.000524	0.000544	0.000597	0.000711	0.00064	0.000792	0.00079	0.000857	0.001165	0.001171	0.00137	0.001185	0.001552	0.00164	0.001919	0.001933	0.002391	0.002551	0.002824	0.002617	0.003409	0.003741	0.003882	0.003995	0.00489	0.004797	0.005779	0.006742	0.007247	0.007657	0.009371	0.009006	0.011007	0.011424	0.012498	0.013424	0.01544	0.017298	0.020012	0.020943	0.024285	0.02535	0.030598	0.03298	0.036834	0.040707	0.046625	0.05273	0.059933	0.066232	0.073255	0.082862	0.095417	0.105788	0.11881	0.129413	0.1513	0.165027	0.180835	0.205797	0.243236	0.26508	0.298647	0.29553	0.352438	0.338017	0.319988	0.402206	0.401172
0.007117	0.000701	0.000314	0.000197	0.000139	0.00017	0.000116	0.000126	0.000147	0.000141	0.00012	0.000092	0.000117	0.000182	0.000252	0.000252	0.000313	0.000359	0.000604	0.000423	0.000559	0.000533	0.000334	0.000457	0.000327	0.000455	0.000485	0.000424	0.000513	0.00044	0.00048	0.000627	0.000507	0.000592	0.000627	0.000718	0.000644	0.000698	0.000771	0.000869	0.00097	0.000936	0.001113	0.001209	0.001355	0.001355	0.00177	0.001957	0.002155	0.002047	0.00269	0.002978	0.00306	0.003641	0.003891	0.003905	0.004278	0.005206	0.004967	0.006116	0.00605	0.007199	0.007819	0.009267	0.00978	0.011176	0.012039	0.013443	0.014337	0.016219	0.01839	0.019024	0.022337	0.025439	0.028768	0.030655	0.034152	0.039253	0.043294	0.050822	0.054251	0.057487	0.069694	0.074409	0.08671	0.096631	0.108411	0.116907	0.133045	0.157767	0.169871	0.174569	0.207766	0.209968	0.251802	0.274907	0.313325	0.280292	0.352659	0.354758	0.419276
0.006038	0.000622	0.000284	0.000172	0.000138	0.000128	0.000225	0.000121	0.000088	0.00013	0.000134	0.000075	0.000103	0.000158	0.000305	0.000229	0.000235	0.000372	0.00032	0.000473	0.000481	0.00037	0.000393	0.000476	0.000454	0.000482	0.000487	0.000501	0.000538	0.000575	0.000447	0.000573	0.000467	0.000496	0.000602	0.000643	0.00087	0.000731	0.000817	0.000805	0.000873	0.001078	0.001122	0.001281	0.001309	0.001512	0.0017	0.001897	0.001868	0.002385	0.002547	0.002734	0.003215	0.003401	0.003563	0.003928	0.004288	0.004658	0.005267	0.006081	0.006315	0.007596	0.00763	0.008724	0.009431	0.010814	0.011883	0.012836	0.013737	0.015795	0.017485	0.020791	0.020743	0.024095	0.026607	0.028713	0.033984	0.038663	0.042381	0.048966	0.05303	0.055009	0.067708	0.075957	0.080121	0.094356	0.100866	0.120564	0.125141	0.141056	0.162706	0.182341	0.205674	0.215124	0.239278	0.249417	0.271562	0.306915	0.327252	0.413753	0.276966
0.005904	0.000538	0.00031	0.000274	0.000269	0.000194	0.000121	0.000192	0.000133	0.000184	0.000089	0.000098	0.000141	0.000145	0.000215	0.000148	0.000265	0.000335	0.000462	0.000463	0.000429	0.000412	0.00042	0.000466	0.000489	0.000414	0.000375	0.000359	0.000462	0.000451	0.000475	0.000392	0.000605	0.000648	0.0006	0.000526	0.000597	0.00077	0.000862	0.000865	0.000978	0.00099	0.000959	0.001139	0.001483	0.001564	0.001655	0.00185	0.002003	0.002102	0.002763	0.002869	0.003106	0.003518	0.003262	0.004077	0.004273	0.005293	0.005053	0.005975	0.005594	0.007028	0.007953	0.008777	0.00946	0.010184	0.011174	0.012161	0.013979	0.015699	0.017402	0.01856	0.023239	0.024058	0.026651	0.029436	0.033866	0.038099	0.042985	0.047676	0.055618	0.059432	0.065697	0.076128	0.084193	0.095691	0.108776	0.124567	0.12642	0.147898	0.160172	0.187545	0.202734	0.217292	0.235876	0.276766	0.312646	0.332015	0.360843	0.347926	0.398596
0.005326	0.000517	0.000284	0.000229	0.000225	0.000146	0.000089	0.000177	0.000143	0.000104	0.000135	0.000129	0.00013	0.00024	0.000182	0.000231	0.000327	0.000344	0.000389	0.000361	0.000475	0.000331	0.000392	0.000357	0.000349	0.000322	0.000457	0.000343	0.000328	0.000409	0.000531	0.00048	0.000533	0.00059	0.000533	0.000747	0.000733	0.000851	0.000775	0.000918	0.000945	0.001093	0.000993	0.00118	0.001133	0.001301	0.001493	0.001735	0.001869	0.002375	0.002369	0.002448	0.002676	0.003166	0.003224	0.003676	0.004355	0.004709	0.005117	0.005622	0.006033	0.006397	0.007032	0.008696	0.009052	0.009307	0.011502	0.01174	0.013947	0.014698	0.017455	0.017549	0.020666	0.023096	0.026091	0.028604	0.03163	0.034518	0.041567	0.046413	0.049988	0.056699	0.063898	0.073583	0.082143	0.090412	0.099704	0.115317	0.127312	0.142297	0.155475	0.166529	0.1956	0.225635	0.22665	0.234242	0.280129	0.337179	0.350357	0.364132	0.342439
0.005351	0.000605	0.000317	0.000173	0.000197	0.00012	0.000162	0.000153	0.000112	0.000103	0.000175	0.000111	0.000168	0.000122	0.000231	0.000181	0.000238	0.000358	0.000398	0.000301	0.000373	0.000379	0.000379	0.000338	0.000399	0.000471	0.00038	0.000365	0.000415	0.000405	0.000463	0.000521	0.000439	0.000512	0.000492	0.000726	0.000701	0.000732	0.000799	0.000927	0.000846	0.001084	0.001124	0.001388	0.001323	0.001509	0.001485	0.001811	0.001841	0.002372	0.002296	0.002638	0.003068	0.003047	0.003115	0.003973	0.004169	0.004868	0.004844	0.00555	0.006007	0.006522	0.006703	0.008496	0.008748	0.009702	0.011108	0.012119	0.014024	0.015595	0.016155	0.017396	0.020542	0.023244	0.026908	0.02901	0.03305	0.036084	0.039865	0.045591	0.052991	0.060119	0.065774	0.074705	0.084306	0.091378	0.106561	0.115713	0.131004	0.155826	0.167947	0.178298	0.213959	0.224893	0.249187	0.264101	0.316036	0.349723	0.379826	0.388118	0.379147
0.005119	0.000517	0.000278	0.000237	0.000172	0.00018	0.000143	0.000161	0.000128	0.000167	0.000126	0.000151	0.000197	0.000207	0.000177	0.000164	0.000319	0.00031	0.000558	0.000354	0.000465	0.000378	0.0004	0.000392	0.000411	0.000404	0.000468	0.000407	0.000318	0.000434	0.000596	0.000557	0.000626	0.000671	0.000483	0.00064	0.000687	0.000733	0.000765	0.000695	0.00104	0.000937	0.001102	0.001078	0.00119	0.001222	0.001392	0.001874	0.001992	0.002046	0.002315	0.002568	0.002721	0.003096	0.003695	0.003761	0.003971	0.004032	0.004784	0.005229	0.005939	0.006732	0.006907	0.008163	0.008035	0.009707	0.010279	0.011557	0.01306	0.014936	0.016455	0.01735	0.019758	0.022297	0.024082	0.02859	0.030105	0.035268	0.039026	0.045497	0.051282	0.055876	0.061162	0.071408	0.080722	0.088611	0.103957	0.118305	0.12637	0.144674	0.154978	0.178866	0.200267	0.220363	0.256775	0.271128	0.293833	0.328686	0.360736	0.373675	0.421562
0.005056	0.000469	0.000356	0.000261	0.000197	0.000117	0.000148	0.000095	0.000128	0.000119	0.000174	0.000165	0.000165	0.000165	0.000199	0.000176	0.000277	0.000253	0.000341	0.000446	0.000365	0.000317	0.000325	0.000327	0.000343	0.000429	0.000444	0.000363	0.000439	0.000491	0.000401	0.000492	0.000525	0.000534	0.000601	0.000742	0.000663	0.000787	0.000862	0.000732	0.000866	0.001071	0.000938	0.001218	0.001347	0.001282	0.00158	0.001513	0.001933	0.001992	0.002137	0.002525	0.002886	0.003167	0.003193	0.00338	0.003902	0.004561	0.004894	0.005932	0.006123	0.006199	0.007145	0.007999	0.007982	0.00989	0.010493	0.010951	0.012559	0.013315	0.016178	0.017027	0.019686	0.020742	0.023041	0.027988	0.030119	0.035136	0.039959	0.044446	0.048867	0.056341	0.061963	0.070636	0.078009	0.093135	0.102314	0.114016	0.124442	0.144023	0.162164	0.189301	0.212533	0.23164	0.235265	0.27984	0.320574	0.318904	0.370217	0.348102	0.362425
0.005156	0.00038	0.000229	0.000205	0.000197	0.000187	0.000123	0.00017	0.00011	0.00008	0.000095	0.000118	0.000125	0.000157	0.000172	0.00027	0.000353	0.000392	0.000424	0.000338	0.000459	0.000472	0.000445	0.000361	0.000333	0.000368	0.000433	0.000503	0.000374	0.000457	0.000508	0.000513	0.000579	0.000603	0.000779	0.000691	0.000704	0.000653	0.000837	0.000863	0.00088	0.001043	0.001022	0.001223	0.001189	0.001474	0.001331	0.0016	0.001824	0.002101	0.002735	0.002089	0.002866	0.002957	0.002936	0.003648	0.003747	0.004229	0.004946	0.004906	0.00594	0.006407	0.007055	0.007119	0.007741	0.008632	0.010908	0.011313	0.013271	0.012916	0.014843	0.016838	0.019016	0.021042	0.024426	0.025004	0.029399	0.033222	0.037047	0.041095	0.049687	0.052133	0.062889	0.069944	0.080704	0.089471	0.104465	0.117574	0.127416	0.145441	0.16093	0.185295	0.206659	0.222136	0.252869	0.287367	0.320676	0.346786	0.330388	0.360245	0.418977
0.004404	0.000517	0.000338	0.000259	0.000234	0.000148	0.000116	0.000046	0.000115	0.000102	0.000103	0.000094	0.00011	0.000148	0.000219	0.000297	0.000365	0.000385	0.000384	0.000528	0.000457	0.000379	0.000349	0.000416	0.000331	0.000472	0.000406	0.00043	0.000478	0.000385	0.000454	0.000519	0.000517	0.000554	0.000545	0.000621	0.00072	0.000781	0.000771	0.000887	0.000895	0.001019	0.001098	0.00113	0.001283	0.001384	0.001691	0.001364	0.001773	0.002023	0.002184	0.002568	0.002502	0.003124	0.003214	0.003326	0.003606	0.004004	0.004105	0.005017	0.005766	0.005952	0.006431	0.007098	0.007332	0.008117	0.009068	0.010913	0.011661	0.012359	0.015268	0.015931	0.017894	0.020508	0.022321	0.025109	0.028574	0.032295	0.035524	0.03936	0.047147	0.052086	0.055932	0.067525	0.079225	0.085685	0.09293	0.110596	0.122924	0.133813	0.152914	0.171335	0.195752	0.213831	0.236218	0.286224	0.288727	0.322788	0.379506	0.330568	0.397696
0.005041	0.000464	0.000249	0.000248	0.000265	0.000116	0.00017	0.000108	0.000107	0.000069	0.000062	0.00011	0.000101	0.000163	0.000217	0.000265	0.000218	0.000395	0.000383	0.000389	0.000403	0.000391	0.000411	0.000411	0.000498	0.000417	0.000378	0.000477	0.00042	0.000459	0.000561	0.00045	0.000586	0.000548	0.000696	0.000534	0.00071	0.000709	0.000823	0.000801	0.000902	0.000926	0.001124	0.001283	0.001281	0.001432	0.001476	0.001717	0.001781	0.001846	0.001758	0.002041	0.002655	0.002324	0.003014	0.003193	0.003034	0.003927	0.004508	0.004937	0.005385	0.005302	0.006278	0.00708	0.007256	0.007613	0.008974	0.009945	0.011125	0.012345	0.014108	0.01596	0.017846	0.019508	0.02184	0.023689	0.026706	0.031825	0.034823	0.039344	0.044495	0.050311	0.057657	0.06406	0.077605	0.087153	0.097382	0.108534	0.12266	0.133745	0.156359	0.170272	0.190077	0.219123	0.235215	0.263559	0.272964	0.313658	0.336757	0.391404	0.405031
0.004656	0.000438	0.000227	0.000159	0.000127	0.000155	0.000131	0.000146	0.000084	0.000068	0.000106	0.0001	0.000179	0.000077	0.000162	0.000161	0.000264	0.000433	0.000452	0.000385	0.000407	0.000327	0.000453	0.000355	0.000487	0.00045	0.000392	0.000493	0.000487	0.000448	0.000509	0.000419	0.000574	0.000546	0.000572	0.000607	0.000665	0.000765	0.000804	0.000919	0.000817	0.000972	0.001054	0.001108	0.001345	0.001244	0.001524	0.001747	0.001601	0.001823	0.002089	0.002164	0.002456	0.002631	0.002704	0.003354	0.003829	0.003786	0.004544	0.004574	0.004759	0.00574	0.005788	0.006465	0.006775	0.007686	0.009098	0.010242	0.010427	0.012543	0.013537	0.015203	0.017805	0.018449	0.020714	0.023754	0.025903	0.029311	0.033158	0.035398	0.043555	0.050614	0.05457	0.062401	0.072419	0.083469	0.099337	0.10878	0.123891	0.131401	0.156996	0.175393	0.195993	0.212261	0.242635	0.262611	0.297107	0.309722	0.404334	0.267181	0.467839
0.004371	0.000462	0.000161	0.000153	0.000166	0.00016	0.000087	0.000046	0.000086	0.000106	0.000053	0.000113	0.000107	0.000088	0.000131	0.000207	0.000213	0.000192	0.000327	0.000245	0.000502	0.000386	0.000277	0.000253	0.000329	0.000391	0.000276	0.000403	0.000352	0.00033	0.000411	0.000525	0.000497	0.000435	0.000612	0.000623	0.000623	0.000688	0.000793	0.000806	0.000915	0.000946	0.001082	0.001169	0.001178	0.00139	0.001229	0.001491	0.001657	0.001786	0.001958	0.002251	0.002303	0.002696	0.002933	0.00305	0.003429	0.003665	0.004033	0.005261	0.004683	0.005027	0.006064	0.006185	0.006766	0.007664	0.008231	0.009949	0.010652	0.011751	0.013473	0.015245	0.015848	0.019233	0.020906	0.023195	0.024586	0.028705	0.032075	0.036957	0.043537	0.048921	0.054409	0.065025	0.070948	0.080067	0.091611	0.104031	0.121766	0.126297	0.147642	0.16723	0.188883	0.211862	0.244078	0.259113	0.286277	0.314234	0.321741	0.33454	0.400132
0.004713	0.000367	0.000201	0.000136	0.00008	0.000134	0.000102	0.000122	0.000091	0.000106	0.000083	0.000082	0.000068	0.000124	0.000193	0.000229	0.000213	0.000369	0.000273	0.00033	0.000362	0.000229	0.000351	0.000377	0.000172	0.000364	0.000342	0.000398	0.000406	0.000437	0.000431	0.000472	0.000481	0.000568	0.000425	0.00051	0.000605	0.000634	0.000824	0.000685	0.00088	0.000917	0.000883	0.001114	0.001176	0.001301	0.0015	0.001577	0.001535	0.001857	0.002226	0.002231	0.002542	0.002825	0.002548	0.003003	0.003279	0.003955	0.004412	0.004274	0.004961	0.005745	0.005934	0.006287	0.007753	0.008108	0.008035	0.009711	0.010406	0.012045	0.012852	0.013523	0.015726	0.017653	0.021551	0.021066	0.024796	0.029281	0.033423	0.037252	0.042887	0.047624	0.05773	0.064803	0.07245	0.08057	0.091109	0.106847	0.122507	0.139414	0.152109	0.176632	0.191823	0.217213	0.245585	0.270845	0.271922	0.303455	0.348149	0.409633	0.429322
0.00428	0.00037	0.000218	0.000232	0.000159	0.000111	0.000039	0.000117	0.000114	0.000075	0.000068	0.000105	0.000104	0.000112	0.000166	0.000199	0.000333	0.0003	0.000267	0.000298	0.000302	0.000342	0.000293	0.000385	0.000293	0.000317	0.000351	0.000404	0.000364	0.000352	0.000508	0.000505	0.0004	0.000564	0.000564	0.000541	0.000591	0.000726	0.00087	0.00082	0.001063	0.00094	0.000901	0.000993	0.001106	0.001318	0.001464	0.001568	0.001699	0.001763	0.001995	0.001797	0.001997	0.002265	0.002641	0.002795	0.003018	0.003563	0.003922	0.00433	0.004809	0.005171	0.006023	0.006261	0.006998	0.007222	0.008231	0.009131	0.010005	0.011751	0.012023	0.01345	0.014911	0.016905	0.01913	0.022014	0.024983	0.028086	0.031599	0.035424	0.039654	0.046922	0.053908	0.059609	0.069142	0.077811	0.089693	0.098528	0.118063	0.137777	0.146845	0.171582	0.195116	0.215187	0.234183	0.261585	0.298028	0.335548	0.343776	0.351715	0.425463
0.004236	0.000346	0.000219	0.000172	0.000151	0.000091	0.000112	0.000066	0.000062	0.000083	0.00009	0.000052	0.000119	0.00012	0.000126	0.000196	0.000205	0.0003	0.000378	0.0003	0.000417	0.00037	0.000264	0.000311	0.000311	0.000357	0.000364	0.000422	0.000296	0.000417	0.00032	0.00038	0.000418	0.000529	0.000475	0.000561	0.000648	0.000525	0.000779	0.00073	0.000823	0.000917	0.000943	0.001061	0.001031	0.0013	0.001488	0.001524	0.001624	0.001773	0.001609	0.001835	0.002175	0.002366	0.002778	0.002982	0.003015	0.003565	0.003651	0.004047	0.004709	0.004835	0.005422	0.006299	0.006446	0.007362	0.007864	0.009115	0.010226	0.011397	0.011247	0.013125	0.014225	0.016886	0.018847	0.021172	0.024393	0.027296	0.031011	0.035591	0.038947	0.04737	0.051884	0.060197	0.067549	0.077652	0.086186	0.099709	0.109554	0.125274	0.149156	0.160695	0.188222	0.200467	0.229092	0.266512	0.28399	0.318358	0.330727	0.362404	0.395195
0.004727	0.000274	0.00022	0.000201	0.000159	0.000094	0.000125	0.000062	0.000077	0.000084	0.000067	0.000097	0.00003	0.000126	0.000095	0.000229	0.000247	0.000196	0.000252	0.000183	0.000337	0.000323	0.000242	0.000259	0.000277	0.000254	0.000336	0.000328	0.000363	0.000357	0.000383	0.000309	0.000443	0.000427	0.000531	0.000446	0.000577	0.000651	0.00068	0.000754	0.000815	0.000878	0.000855	0.001112	0.001181	0.001339	0.001233	0.001364	0.001592	0.001773	0.001833	0.002001	0.002166	0.002441	0.002517	0.002779	0.003113	0.003127	0.003512	0.003751	0.004945	0.004676	0.005712	0.00578	0.006122	0.007015	0.007867	0.007901	0.00976	0.010335	0.011436	0.01256	0.013834	0.015552	0.01881	0.020329	0.023164	0.025613	0.028851	0.031874	0.038526	0.04343	0.05051	0.057899	0.063985	0.077062	0.085428	0.09809	0.11383	0.121559	0.144804	0.160502	0.180437	0.198627	0.225053	0.244252	0.260696	0.306143	0.337861	0.342576	0.395057
0.004231	0.000389	0.000199	0.000121	0.000111	0.00011	0.000117	0.000093	0.000093	0.000069	0.000046	0.000067	0.000089	0.000103	0.000088	0.000161	0.000264	0.000311	0.00029	0.000334	0.000271	0.000273	0.000344	0.000306	0.000381	0.000336	0.000248	0.000329	0.000307	0.000408	0.000336	0.000426	0.000435	0.000386	0.000417	0.00052	0.000545	0.000566	0.000781	0.000742	0.000838	0.000897	0.000906	0.000934	0.00114	0.001172	0.001363	0.001563	0.00167	0.001776	0.001879	0.001877	0.002097	0.002423	0.002573	0.002741	0.003094	0.003108	0.0038	0.003868	0.003933	0.004607	0.005407	0.005768	0.006408	0.006342	0.007778	0.008065	0.008656	0.010149	0.01102	0.013066	0.014018	0.015059	0.018103	0.019967	0.022429	0.025222	0.02941	0.032738	0.036567	0.044104	0.050166	0.055055	0.065731	0.072486	0.084814	0.099268	0.11238	0.120682	0.13995	0.163299	0.189704	0.208066	0.222634	0.253417	0.288977	0.296211	0.32934	0.347324	0.415655
0.003943	0.000274	0.000172	0.000149	0.000071	0.000118	0.000093	0.000092	0.000077	0.000099	0.000053	0.000053	0.000088	0.000125	0.000191	0.00019	0.000181	0.000274	0.000282	0.000303	0.000289	0.000264	0.000253	0.000293	0.000338	0.000268	0.000334	0.000248	0.000377	0.000522	0.00042	0.000515	0.000433	0.000455	0.000536	0.000536	0.000575	0.000609	0.000734	0.000752	0.00085	0.000953	0.000904	0.00105	0.001	0.001206	0.001354	0.001564	0.001533	0.001734	0.001892	0.002041	0.002155	0.002379	0.002647	0.002529	0.002743	0.003388	0.003535	0.003879	0.005267	0.0045	0.005613	0.005685	0.006236	0.006697	0.007646	0.008209	0.009214	0.010456	0.010987	0.012539	0.014077	0.016257	0.01758	0.019672	0.022103	0.025181	0.029856	0.032927	0.037893	0.041917	0.048948	0.05447	0.065632	0.073905	0.085547	0.100603	0.110676	0.126452	0.140947	0.164174	0.191904	0.213422	0.23194	0.258405	0.288362	0.308313	0.356466	0.403311	0.422809
0.00378	0.000245	0.000187	0.000108	0.0001	0.000094	0.000101	0.000092	0.000038	0.000108	0.00006	0.000037	0.000105	0.000088	0.000073	0.000131	0.000224	0.000291	0.000252	0.000278	0.000236	0.000225	0.000262	0.00023	0.000315	0.00036	0.000352	0.000323	0.000254	0.000318	0.000453	0.000348	0.000434	0.000453	0.000508	0.000536	0.000627	0.000548	0.000689	0.000701	0.000769	0.000835	0.000852	0.001026	0.000974	0.001212	0.001233	0.001408	0.001684	0.001622	0.001805	0.002028	0.002132	0.002006	0.002625	0.002865	0.002868	0.003382	0.003531	0.003559	0.004171	0.00462	0.004822	0.005732	0.006305	0.00624	0.007744	0.008292	0.008986	0.009497	0.011383	0.012792	0.013911	0.014843	0.016747	0.01932	0.021746	0.024865	0.027866	0.033491	0.037119	0.043351	0.049189	0.056051	0.066629	0.071617	0.084922	0.097254	0.114327	0.127362	0.148734	0.164908	0.189315	0.214805	0.247468	0.26406	0.293528	0.331507	0.36875	0.388987	0.447161
0.003518	0.000334	0.000136	0.000148	0.000128	0.000114	0.000085	0.000046	0.000084	0.000105	0.00012	0.000112	0.000096	0.000082	0.000123	0.000145	0.000159	0.000256	0.000263	0.000262	0.000301	0.000214	0.000184	0.000258	0.000324	0.000299	0.000374	0.000425	0.000242	0.000455	0.000418	0.000341	0.000403	0.000312	0.000473	0.000474	0.000608	0.000612	0.000666	0.000812	0.000634	0.000808	0.001001	0.000967	0.00119	0.001234	0.001513	0.001615	0.001698	0.00166	0.001958	0.002385	0.002157	0.002343	0.002564	0.002524	0.002985	0.00304	0.003536	0.003998	0.004027	0.004579	0.005074	0.004764	0.006184	0.006666	0.006914	0.008647	0.008761	0.008745	0.01036	0.011906	0.01389	0.01457	0.016737	0.018508	0.019941	0.023045	0.026488	0.030637	0.036528	0.03906	0.047987	0.053961	0.061161	0.070225	0.081037	0.090899	0.105975	0.125931	0.138493	0.15549	0.179578	0.202959	0.234584	0.255966	0.272794	0.312813	0.332019	0.397679	0.400562
0.003418	0.000294	0.000191	0.000093	0.000102	0.000097	0.000083	0.000084	0.000045	0.000105	0.00009	0.000052	0.000074	0.000081	0.000103	0.000151	0.000208	0.000293	0.000209	0.000208	0.000332	0.00024	0.000273	0.000216	0.000327	0.000304	0.000298	0.000241	0.00034	0.000352	0.00038	0.000332	0.000356	0.000425	0.00043	0.000553	0.000514	0.000583	0.000632	0.000801	0.000767	0.000923	0.000853	0.000883	0.001135	0.001193	0.001366	0.001321	0.001449	0.001688	0.001848	0.001828	0.002245	0.002211	0.00242	0.002826	0.002794	0.003056	0.003298	0.003686	0.003865	0.004047	0.005016	0.005189	0.005747	0.006043	0.007016	0.007619	0.007986	0.009215	0.01108	0.012234	0.013261	0.01495	0.016404	0.018625	0.019344	0.022827	0.025971	0.029074	0.036508	0.04009	0.045687	0.05231	0.061175	0.069567	0.079659	0.090107	0.10765	0.120912	0.142808	0.156056	0.178911	0.199586	0.228141	0.257657	0.288523	0.306339	0.346816	0.375769	0.420077
0.003405	0.000257	0.00016	0.000155	0.000113	0.000108	0.000081	0.000052	0.000136	0.000098	0.000105	0.00003	0.000096	0.000089	0.000117	0.00019	0.000242	0.000206	0.000238	0.000292	0.000274	0.000267	0.000247	0.000309	0.000273	0.000284	0.000255	0.000317	0.000212	0.000358	0.000301	0.000412	0.000425	0.000504	0.00048	0.000563	0.000489	0.000624	0.000664	0.000797	0.000741	0.000748	0.000978	0.001036	0.001147	0.001078	0.001327	0.001396	0.001527	0.001767	0.001882	0.002026	0.002163	0.002102	0.002639	0.002589	0.002839	0.002955	0.003311	0.003696	0.00416	0.004657	0.004709	0.004833	0.005253	0.006136	0.006433	0.007464	0.008031	0.009277	0.010346	0.01188	0.01342	0.014286	0.017003	0.017259	0.019574	0.022629	0.025466	0.027847	0.034548	0.037961	0.046138	0.053397	0.058523	0.068155	0.080786	0.092402	0.105708	0.125203	0.142846	0.158752	0.176684	0.196171	0.22927	0.263508	0.289834	0.331877	0.342707	0.370078	0.422212
0.003165	0.000242	0.000157	0.000096	0.000104	0.000104	0.000043	0.000095	0.000111	0.000075	0.00003	0.000059	0.000081	0.000088	0.000146	0.000159	0.000216	0.000253	0.000333	0.000265	0.00031	0.000209	0.00026	0.000239	0.000282	0.000248	0.000294	0.000219	0.000255	0.000314	0.00035	0.000388	0.000457	0.00042	0.000406	0.000474	0.000465	0.000555	0.000725	0.000658	0.000932	0.000799	0.000919	0.000928	0.001041	0.000997	0.001072	0.001439	0.001519	0.001623	0.00175	0.00214	0.001861	0.002176	0.002318	0.002667	0.003064	0.00296	0.002966	0.003551	0.003532	0.004468	0.004902	0.005012	0.006015	0.006291	0.006879	0.007294	0.008286	0.009197	0.010096	0.011452	0.01267	0.013958	0.016136	0.018067	0.019939	0.02317	0.025727	0.029722	0.034329	0.039736	0.044955	0.053217	0.061008	0.070252	0.079425	0.094326	0.104302	0.121253	0.141617	0.158521	0.188466	0.206715	0.232604	0.247777	0.286808	0.33252	0.348539	0.399932	0.423538
0.003523	0.000264	0.000177	0.000074	0.000088	0.000048	0.00013	0.000091	0.000014	0.000081	0.00003	0.000074	0.000015	0.000139	0.000124	0.000232	0.000186	0.00022	0.000185	0.000241	0.00023	0.000244	0.00024	0.000268	0.000184	0.000191	0.000288	0.000274	0.000259	0.000319	0.000388	0.000433	0.000449	0.00047	0.000408	0.00048	0.000515	0.000525	0.000665	0.000763	0.000683	0.000872	0.000885	0.000901	0.001008	0.001016	0.001134	0.001409	0.001643	0.001712	0.001801	0.001822	0.0021	0.002307	0.002449	0.002638	0.002794	0.003331	0.003271	0.003627	0.003717	0.004081	0.004878	0.005197	0.005725	0.006199	0.006635	0.006766	0.007685	0.00931	0.009406	0.010678	0.011725	0.013923	0.014981	0.017028	0.018739	0.021804	0.024501	0.027641	0.031836	0.037028	0.043495	0.050402	0.060448	0.066959	0.076397	0.087993	0.104262	0.117054	0.133306	0.151026	0.167803	0.194335	0.212671	0.244558	0.275104	0.291753	0.327171	0.359713	0.372653
0.00333	0.000179	0.000154	0.000101	0.000106	0.000087	0.000088	0.000101	0.000112	0.000079	0.000044	0.000096	0.000044	0.00011	0.000116	0.000137	0.000179	0.000183	0.000242	0.000257	0.000168	0.000249	0.000236	0.000272	0.00022	0.000307	0.000308	0.000297	0.000302	0.000327	0.000307	0.000411	0.000481	0.000408	0.000478	0.000468	0.000585	0.000525	0.000721	0.000711	0.000758	0.000775	0.000873	0.000996	0.000988	0.001042	0.001445	0.001459	0.001372	0.001685	0.001525	0.001861	0.002209	0.002246	0.002348	0.002678	0.002818	0.003019	0.00336	0.003637	0.003889	0.004325	0.004502	0.005326	0.005706	0.005855	0.006644	0.007593	0.007683	0.009276	0.010013	0.01171	0.012238	0.013416	0.015815	0.018186	0.020448	0.022816	0.025212	0.027677	0.032875	0.035434	0.043206	0.05036	0.058848	0.066522	0.078476	0.090104	0.101517	0.116555	0.13458	0.161409	0.176124	0.193802	0.22652	0.246236	0.297723	0.314049	0.330108	0.371348	0.445258
0.002861	0.000192	0.000177	0.000079	0.000106	0.000052	0.000073	0.000067	0.000067	0.000097	0.000072	0.00008	0.000088	0.000132	0.000102	0.000209	0.000221	0.000191	0.000233	0.000212	0.000248	0.000138	0.000222	0.00032	0.000155	0.000214	0.000333	0.000266	0.000235	0.00034	0.000244	0.000353	0.000378	0.000383	0.000469	0.000701	0.000584	0.000601	0.00065	0.000698	0.000758	0.000891	0.000951	0.000974	0.001032	0.001142	0.001161	0.001459	0.001565	0.001643	0.001826	0.00191	0.002166	0.00231	0.002495	0.002642	0.002862	0.002972	0.003407	0.003524	0.004033	0.003921	0.004635	0.00474	0.005359	0.005256	0.006535	0.007393	0.008252	0.008164	0.009682	0.011269	0.011779	0.013392	0.015375	0.016724	0.020727	0.021566	0.025334	0.028026	0.032479	0.036557	0.04347	0.050067	0.057514	0.069483	0.07666	0.089824	0.098431	0.113576	0.139952	0.153765	0.176392	0.201996	0.227947	0.259369	0.284173	0.317041	0.349366	0.362951	0.421717
0.002762	0.000269	0.000112	0.000091	0.000098	0.000104	0.000065	0.000039	0.000013	0.00006	0.000028	0.000043	0.000058	0.000073	0.000109	0.000108	0.000178	0.000162	0.000212	0.000197	0.000295	0.000185	0.000266	0.000199	0.000246	0.000273	0.000307	0.000264	0.000277	0.000312	0.000399	0.000503	0.00042	0.000412	0.000538	0.000559	0.000506	0.000574	0.000717	0.000614	0.000782	0.00078	0.00083	0.001072	0.001248	0.001268	0.001307	0.001256	0.001488	0.001595	0.00155	0.002021	0.001996	0.002204	0.002543	0.002591	0.002897	0.002946	0.003252	0.003467	0.004	0.004141	0.004266	0.004915	0.004882	0.00561	0.006082	0.006897	0.007574	0.009034	0.009334	0.010425	0.01164	0.013421	0.014826	0.017556	0.017997	0.020997	0.024762	0.027683	0.031404	0.036497	0.041975	0.045977	0.057683	0.06467	0.073102	0.084156	0.099868	0.115112	0.130224	0.15138	0.174327	0.198336	0.222631	0.249247	0.28674	0.302744	0.322979	0.363514	0.416746
0.00312	0.000209	0.00015	0.000111	0.000077	0.000045	0.000071	0.000058	0.000065	0.000092	0.000053	0.000021	0.00005	0.000136	0.000095	0.00018	0.000214	0.000245	0.00021	0.000282	0.000196	0.000237	0.000238	0.000189	0.000204	0.000318	0.000233	0.000278	0.000253	0.000277	0.00029	0.000308	0.000367	0.000355	0.000561	0.000543	0.000512	0.000573	0.000599	0.000729	0.00083	0.000752	0.000949	0.000905	0.001145	0.00118	0.001287	0.001209	0.001626	0.001532	0.00191	0.002009	0.002128	0.002256	0.002322	0.002692	0.002686	0.002847	0.003512	0.003472	0.00395	0.00388	0.004586	0.004559	0.005241	0.005899	0.006172	0.007078	0.008032	0.008508	0.010166	0.010374	0.011914	0.013969	0.015099	0.017037	0.018765	0.021905	0.025066	0.027713	0.032306	0.036317	0.042419	0.048449	0.054975	0.06521	0.07472	0.087569	0.100119	0.112913	0.135255	0.150286	0.174068	0.196787	0.221846	0.244011	0.287698	0.322713	0.328469	0.376808	0.434386
0.002732	0.000213	0.000175	0.000071	0.000039	0.000045	0.000071	0.000071	0.000051	0.000058	0.000026	0.00002	0.000048	0.000148	0.000114	0.00013	0.000164	0.000253	0.000223	0.000253	0.000234	0.000166	0.00024	0.000221	0.000156	0.000193	0.000239	0.000286	0.000278	0.000286	0.000288	0.00026	0.000416	0.000389	0.000389	0.000511	0.000498	0.000529	0.000627	0.000691	0.000691	0.00078	0.000917	0.000981	0.00103	0.001111	0.001097	0.00133	0.001448	0.0017	0.001553	0.001887	0.001938	0.002277	0.00235	0.002677	0.002709	0.003048	0.003329	0.003311	0.003778	0.004448	0.004657	0.004937	0.004944	0.00526	0.00601	0.006501	0.007835	0.008091	0.008693	0.01059	0.011103	0.01284	0.014367	0.015662	0.019072	0.019748	0.023638	0.025694	0.028992	0.034314	0.039765	0.043603	0.052409	0.060965	0.066731	0.082073	0.090997	0.105714	0.123318	0.143716	0.160252	0.181485	0.208788	0.226623	0.268829	0.293362	0.334679	0.324103	0.383284
0.002866	0.000197	0.000099	0.000129	0.000039	0.00009	0.000063	0.000051	0.000051	0.000025	0.000057	0.000064	0.00013	0.000101	0.000091	0.00012	0.000165	0.00024	0.000184	0.00024	0.000278	0.000248	0.00024	0.000265	0.000271	0.000214	0.000298	0.000277	0.000276	0.000274	0.000297	0.000311	0.000378	0.000381	0.000423	0.000498	0.000555	0.000483	0.000627	0.000734	0.000703	0.000729	0.000849	0.000931	0.001076	0.001056	0.001209	0.001272	0.001362	0.001519	0.001566	0.001763	0.001868	0.001976	0.002421	0.002413	0.002775	0.002831	0.003192	0.003526	0.003533	0.004357	0.004479	0.004796	0.005131	0.005703	0.006082	0.006941	0.007017	0.007998	0.009079	0.009639	0.011856	0.012609	0.013987	0.016877	0.017917	0.020417	0.022448	0.026015	0.029653	0.034037	0.038875	0.044449	0.052278	0.061221	0.069908	0.080403	0.0914	0.105928	0.121409	0.144445	0.16618	0.187857	0.21408	0.233897	0.267775	0.301839	0.329293	0.355493	0.388276
0.00276	0.000226	0.000068	0.000132	0.000097	0.000026	0.000051	0.000044	0.000082	0.000006	0.000075	0.000057	0.000064	0.00009	0.000114	0.000132	0.000141	0.00032	0.000237	0.000213	0.000257	0.000189	0.000203	0.000259	0.00019	0.000244	0.000219	0.000313	0.000275	0.000336	0.000345	0.000364	0.000352	0.000371	0.000437	0.000494	0.000495	0.000584	0.000601	0.000629	0.000571	0.000734	0.00081	0.000858	0.001039	0.001103	0.001127	0.001383	0.001402	0.001491	0.001644	0.001749	0.001942	0.002191	0.002286	0.002505	0.002461	0.002983	0.002768	0.003295	0.003624	0.004002	0.004302	0.004825	0.005032	0.005363	0.005546	0.006128	0.006738	0.007877	0.008941	0.009515	0.010826	0.012272	0.013392	0.015283	0.017277	0.01872	0.021501	0.025022	0.028268	0.033644	0.037353	0.043648	0.050357	0.056073	0.065583	0.07699	0.086548	0.100571	0.113025	0.138402	0.153068	0.17155	0.192817	0.235683	0.238533	0.279072	0.299804	0.322621	0.359353
0.0031	0.000166	0.00011	0.000081	0.000073	0.00009	0.000077	0.000064	0.000076	0.000044	0.000057	0.000038	0.000088	0.000064	0.000148	0.000134	0.000201	0.000196	0.000219	0.000192	0.000225	0.00025	0.000295	0.000257	0.000207	0.000266	0.000211	0.000246	0.000221	0.000269	0.000274	0.000288	0.00041	0.000326	0.000423	0.000373	0.000587	0.00051	0.00063	0.000582	0.00066	0.000709	0.000892	0.00085	0.001196	0.001118	0.001144	0.001259	0.001359	0.001499	0.001815	0.001754	0.001661	0.001985	0.002195	0.002414	0.002628	0.00314	0.003107	0.003356	0.003814	0.004112	0.004047	0.004425	0.005004	0.005775	0.005783	0.006897	0.007283	0.007793	0.009192	0.009981	0.010643	0.012139	0.014391	0.015295	0.017269	0.019805	0.021498	0.026408	0.028569	0.034002	0.0391	0.045334	0.050997	0.057145	0.067948	0.078537	0.090474	0.105352	0.12157	0.138924	0.15995	0.183486	0.199954	0.232181	0.259532	0.290288	0.318636	0.368204	0.379295
