0.025935	0.003246	0.001555	0.000977	0.000531	0.000701	0.000818	0.000531	0.000458	0.000641	0.000246	0.000528	0.000421	0.000661	0.000612	0.000627	0.000944	0.00132	0.000986	0.001184	0.000885	0.001109	0.001173	0.001802	0.001643	0.001207	0.001267	0.000972	0.001639	0.001578	0.001069	0.001724	0.001103	0.00194	0.002143	0.002005	0.001816	0.002356	0.002553	0.002364	0.002852	0.001973	0.003326	0.003222	0.003218	0.00424	0.00465	0.005339	0.004994	0.005195	0.006872	0.003745	0.004976	0.008516	0.008192	0.00731	0.01097	0.01063	0.011007	0.012878	0.013294	0.015784	0.016077	0.017821	0.016958	0.023307	0.023905	0.02771	0.025783	0.032204	0.033275	0.028527	0.04818	0.046938	0.052476	0.051559	0.058661	0.070798	0.085121	0.090012	0.103103	0.088636	0.113326	0.113831	0.149784	0.156183	0.179263	0.191489	0.199606	0.239289	0.290633	0.258398	0.285407	0.272492	0.341547	0.266993	0.593007	0.331194	0.43692	0.550585	0.208008
0.023439	0.003599	0.000824	0.001337	0.000625	0.000827	0.000756	0.000231	0.00052	0.00058	0.000582	0.000367	0.00033	0.000489	0.000585	0.00076	0.000621	0.000701	0.00093	0.000979	0.001338	0.000815	0.00103	0.000505	0.001213	0.001346	0.001054	0.001044	0.001232	0.00136	0.001302	0.001382	0.001241	0.001801	0.001296	0.00179	0.0018	0.00195	0.001608	0.001864	0.002187	0.002919	0.002691	0.003324	0.002815	0.003909	0.003498	0.004614	0.00484	0.00568	0.006976	0.006355	0.006555	0.0066	0.009067	0.007701	0.01304	0.009612	0.011143	0.013632	0.014797	0.013165	0.017682	0.019	0.020819	0.020461	0.024291	0.022371	0.028276	0.028866	0.03459	0.039937	0.045964	0.045695	0.051341	0.064277	0.068289	0.070956	0.087529	0.098272	0.09289	0.097801	0.108131	0.13282	0.15647	0.178715	0.191057	0.193007	0.21341	0.188364	0.267887	0.277153	0.331636	0.30573	0.308217	0.447325	0.218385	0.44034	0.453613	0.647748	0.821918
0.027723	0.003541	0.001517	0.001384	0.000779	0.000628	0.000825	0.00064	0.000452	0.000584	0.000578	0.000462	0.000671	0.000459	0.000347	0.000508	0.000601	0.000845	0.000853	0.000383	0.00098	0.00052	0.000732	0.001006	0.000567	0.000984	0.001045	0.001037	0.001364	0.000881	0.000744	0.001183	0.001624	0.000996	0.000863	0.002447	0.001865	0.001643	0.002074	0.002243	0.002573	0.002175	0.003151	0.002763	0.002595	0.003812	0.004556	0.004624	0.004859	0.004948	0.005844	0.005974	0.009475	0.007917	0.007417	0.008575	0.007781	0.010514	0.013004	0.010874	0.014899	0.012801	0.016985	0.016854	0.020516	0.021917	0.021944	0.026767	0.026555	0.027446	0.031274	0.03523	0.044274	0.048927	0.055064	0.062511	0.073967	0.072262	0.07473	0.094831	0.095056	0.086333	0.109561	0.11583	0.145478	0.165063	0.172386	0.167266	0.230211	0.251693	0.193054	0.212011	0.292418	0.249928	0.181973	0.373335	0.292969	0.364218	0.578927	0.344828	0.525855
0.021911	0.002659	0.001617	0.001381	0.000863	0.000691	0.000312	0.00053	0.000844	0.000565	0.000465	0.000402	0.00092	0.000607	0.000784	0.000346	0.000577	0.000523	0.00084	0.000613	0.001141	0.000673	0.000878	0.00043	0.001409	0.000488	0.000484	0.000959	0.000815	0.001346	0.001206	0.00101	0.001297	0.001527	0.000848	0.001002	0.000859	0.001281	0.001912	0.002838	0.002295	0.002339	0.003213	0.00291	0.003623	0.004125	0.003982	0.004372	0.005055	0.005563	0.004664	0.004392	0.007453	0.007143	0.007851	0.005985	0.008822	0.01173	0.013225	0.010996	0.01237	0.010637	0.013725	0.016557	0.019694	0.022494	0.018091	0.02225	0.02518	0.030202	0.033744	0.031805	0.03979	0.049743	0.04814	0.058371	0.057957	0.058166	0.076088	0.076152	0.0833	0.090467	0.107886	0.123887	0.133232	0.124352	0.151501	0.1647	0.155802	0.199745	0.272609	0.216696	0.276979	0.258675	0.21793	0.351897	0.39018	0.201949	0.322729	0.259441	0.739599
0.021564	0.002919	0.00141	0.00157	0.000903	0.00073	0.00073	0.000489	0.000384	0.000368	0.000675	0.000347	0.000343	0.000459	0.000363	0.000195	0.000551	0.00072	0.001115	0.000757	0.000762	0.000981	0.00096	0.001226	0.000919	0.000834	0.001514	0.001502	0.000813	0.00141	0.001332	0.000862	0.001	0.000879	0.001654	0.000913	0.001209	0.001423	0.002123	0.002185	0.001059	0.001499	0.002547	0.002458	0.003134	0.003302	0.003231	0.003736	0.00446	0.004084	0.005115	0.004298	0.006512	0.00797	0.006968	0.006024	0.008915	0.009098	0.011838	0.013232	0.015816	0.009592	0.013898	0.015642	0.017589	0.01938	0.021067	0.019666	0.024214	0.029646	0.032298	0.031416	0.03987	0.045959	0.054662	0.062672	0.065254	0.062868	0.079606	0.077356	0.0925	0.082311	0.100472	0.10269	0.136658	0.140216	0.166438	0.172183	0.180292	0.21693	0.17722	0.258453	0.285279	0.244484	0.34826	0.376327	0.34788	0.304311	0.790058	0.435677	0.398495
0.020933	0.002579	0.001543	0.001034	0.000932	0.000471	0.000428	0.000599	0.000221	0.000431	0.000262	0.000448	0.000404	0.000571	0.00063	0.000484	0.000716	0.00055	0.000646	0.000666	0.000528	0.000833	0.000898	0.000951	0.001143	0.000559	0.000827	0.001161	0.000745	0.000605	0.000867	0.001125	0.000528	0.001128	0.001281	0.001649	0.001401	0.001627	0.0017	0.001692	0.00225	0.001971	0.00228	0.00233	0.002689	0.003825	0.003623	0.004126	0.004405	0.004812	0.005705	0.005776	0.007136	0.006464	0.009138	0.009047	0.007428	0.007251	0.009747	0.011484	0.012434	0.010119	0.014523	0.01731	0.01794	0.022351	0.021441	0.023459	0.029868	0.02794	0.030635	0.034038	0.03892	0.044772	0.046864	0.064049	0.066713	0.068349	0.074563	0.079008	0.086952	0.085173	0.104528	0.111092	0.148743	0.147025	0.137949	0.16023	0.178619	0.219514	0.248459	0.179952	0.175013	0.296467	0.310782	0.255337	0.333507	0.361584	0.491938	0.759253	0.469575
0.021704	0.002439	0.001716	0.001416	0.000868	0.000252	0.000426	0.00034	0.000512	0.000265	0.000287	0.000365	0.000727	0.000345	0.000627	0.0004	0.000363	0.000519	0.00048	0.000571	0.000663	0.000375	0.000301	0.000814	0.000866	0.000423	0.000831	0.001026	0.000676	0.000671	0.000934	0.00073	0.000727	0.001317	0.001393	0.002152	0.001713	0.002086	0.001963	0.001686	0.003021	0.001959	0.00218	0.003151	0.002715	0.003141	0.002764	0.003153	0.004039	0.004987	0.004924	0.00501	0.005169	0.006464	0.006459	0.005995	0.008519	0.009388	0.011456	0.012148	0.010093	0.00956	0.013081	0.015332	0.0209	0.019898	0.018484	0.024311	0.027573	0.027794	0.027241	0.033792	0.040869	0.039578	0.048345	0.05701	0.066712	0.064449	0.074521	0.084351	0.092524	0.086007	0.10988	0.114118	0.127778	0.127521	0.171713	0.178997	0.214277	0.242898	0.235831	0.167639	0.226489	0.297485	0.219542	0.289919	0.431175	0.236593	0.323027	0.169492	0
0.021615	0.002258	0.00109	0.000954	0.000526	0.000616	0.000502	0.000211	0.000423	0.000298	0.000353	0.000523	0.000728	0.000558	0.000746	0.000739	0.0004	0.000482	0.000777	0.000682	0.000923	0.000657	0.000668	0.000518	0.000726	0.000568	0.001252	0.000959	0.000811	0.000937	0.000933	0.000863	0.000926	0.000987	0.001315	0.001916	0.001741	0.001428	0.00172	0.001528	0.002591	0.001467	0.002373	0.002259	0.002881	0.003964	0.003526	0.004222	0.003693	0.004761	0.004424	0.005458	0.005943	0.006811	0.006737	0.006886	0.009778	0.008473	0.010084	0.010281	0.013624	0.012008	0.014022	0.018706	0.016838	0.019543	0.020381	0.022441	0.024723	0.033195	0.029502	0.034594	0.041404	0.044167	0.051571	0.049292	0.060347	0.064612	0.081265	0.08137	0.094402	0.089481	0.10507	0.124678	0.14787	0.145364	0.174285	0.204853	0.175419	0.212532	0.201118	0.245611	0.308979	0.250649	0.276936	0.391837	0.36395	0.491282	0.524705	0.801652	1.023891
0.021344	0.002002	0.001356	0.001164	0.000674	0.000724	0.000531	0.000416	0.000505	0.000506	0.000339	0.000658	0.000379	0.000415	0.000278	0.000172	0.000398	0.000743	0.000361	0.00058	0.000746	0.000634	0.000796	0.000804	0.000873	0.000572	0.00077	0.000413	0.001153	0.001405	0.000929	0.001456	0.000991	0.000724	0.000851	0.001372	0.001248	0.001532	0.002295	0.002121	0.001456	0.001674	0.002509	0.002932	0.002262	0.003531	0.002941	0.003151	0.004602	0.006212	0.00542	0.005189	0.00592	0.006702	0.006294	0.005804	0.008508	0.008306	0.009877	0.009076	0.011255	0.01211	0.014801	0.018149	0.017262	0.020335	0.017369	0.021728	0.0204	0.030801	0.027715	0.028029	0.038119	0.046553	0.044231	0.051699	0.061132	0.062686	0.076501	0.083586	0.088635	0.092711	0.115303	0.114155	0.139376	0.14325	0.164993	0.174673	0.155227	0.207766	0.216638	0.253837	0.225652	0.354829	0.388848	0.280882	0.458486	0.229962	0.486905	0.219968	0.702083
0.022006	0.003103	0.000801	0.00109	0.000774	0.000474	0.000602	0.000326	0.000332	0.000378	0.000378	0.000169	0.000263	0.000283	0.000155	0.000499	0.000286	0.000512	0.000629	0.000541	0.000386	0.000677	0.000983	0.000574	0.000578	0.000647	0.000354	0.001112	0.000958	0.000943	0.000931	0.001123	0.001055	0.001316	0.000785	0.000912	0.001431	0.001901	0.001793	0.001887	0.001982	0.001592	0.002091	0.002647	0.003143	0.00347	0.003393	0.004196	0.004134	0.004614	0.003945	0.003817	0.005724	0.006129	0.007377	0.00803	0.008169	0.006965	0.009796	0.011015	0.010129	0.012677	0.014656	0.015339	0.020018	0.019812	0.021809	0.021742	0.024676	0.02593	0.028895	0.03189	0.035146	0.042219	0.054439	0.057365	0.061549	0.060926	0.081645	0.08309	0.085296	0.084777	0.110968	0.126466	0.134508	0.159971	0.16644	0.189358	0.189244	0.19588	0.218229	0.210582	0.273698	0.283544	0.321447	0.289844	0.36128	0.409609	0.244184	0.661667	0.79034
0.020148	0.001892	0.001305	0.000908	0.000638	0.000386	0.000592	0.00024	0.000447	0.000538	0.000251	0.000252	0.000337	0.000306	0.000472	0.000413	0.000333	0.000918	0.000457	0.000344	0.000903	0.000837	0.000542	0.00042	0.000499	0.000931	0.000927	0.000493	0.000416	0.000613	0.000939	0.000862	0.000726	0.001119	0.001115	0.001109	0.001039	0.001886	0.0019	0.00239	0.001684	0.00164	0.00305	0.003002	0.002095	0.003293	0.002983	0.002461	0.004136	0.003017	0.005101	0.003964	0.005723	0.006526	0.007139	0.007697	0.008089	0.007351	0.009832	0.010919	0.013029	0.009668	0.014627	0.01708	0.016681	0.019255	0.016306	0.018936	0.024065	0.026786	0.031783	0.031676	0.032536	0.03901	0.046981	0.054635	0.06132	0.065162	0.075456	0.077595	0.089728	0.077116	0.104595	0.121209	0.13142	0.153568	0.17229	0.163123	0.177829	0.204055	0.23663	0.214811	0.26765	0.241863	0.275716	0.356664	0.345035	0.375689	0.446456	0.116993	0.306644
0.020313	0.00185	0.001136	0.00088	0.000725	0.000448	0.000423	0.000314	0.000318	0.000446	0.000207	0.000292	0.00046	0.00021	0.000392	0.000518	0.000517	0.000501	0.000519	0.000515	0.000573	0.000722	0.000321	0.000606	0.000554	0.000281	0.000496	0.000569	0.001051	0.00062	0.001151	0.000932	0.000856	0.000988	0.001641	0.001177	0.00143	0.001748	0.001623	0.002095	0.002179	0.001471	0.002246	0.002445	0.003162	0.003224	0.003368	0.003204	0.00384	0.005249	0.004606	0.005661	0.004622	0.006606	0.006219	0.008078	0.008595	0.007771	0.010066	0.009721	0.013545	0.01366	0.011889	0.013639	0.017719	0.019311	0.016672	0.022871	0.027499	0.026484	0.028924	0.033599	0.036763	0.043918	0.052235	0.054104	0.066935	0.060951	0.081733	0.08329	0.087695	0.089031	0.107434	0.113399	0.142772	0.135439	0.182991	0.166314	0.200558	0.195919	0.237294	0.269648	0.273821	0.242245	0.267371	0.234723	0.333635	0.46137	0.22225	0.401775	0.486947
0.017813	0.001614	0.000912	0.000586	0.000317	0.000397	0.000557	0.000381	0.000428	0.000317	0.000203	0.000288	0.000415	0.000291	0.000501	0.000521	0.000282	0.000311	0.000895	0.000576	0.000399	0.000572	0.000539	0.000762	0.000398	0.000884	0.000833	0.000847	0.001127	0.000696	0.000822	0.000668	0.001306	0.000985	0.00151	0.001047	0.001882	0.001222	0.00161	0.002597	0.001876	0.001615	0.002298	0.001937	0.001979	0.002892	0.003772	0.003868	0.004402	0.004841	0.004042	0.005523	0.00536	0.005583	0.006367	0.006013	0.007781	0.008461	0.009544	0.008682	0.012121	0.011125	0.015826	0.012755	0.016023	0.020366	0.018025	0.020346	0.025976	0.027473	0.030381	0.028172	0.036964	0.042751	0.046681	0.051098	0.063462	0.062938	0.081608	0.082091	0.095703	0.08739	0.09782	0.119073	0.136645	0.137528	0.18953	0.161585	0.175297	0.240101	0.237368	0.207697	0.263899	0.281765	0.274824	0.281319	0.380638	0.154395	0.437514	0.437637	0.299252
0.017218	0.00211	0.001058	0.000406	0.000311	0.000422	0.000252	0.000664	0.000567	0.000232	0.000356	0.000282	0.000327	0.000289	0.000124	0.000333	0.000346	0.000707	0.000623	0.000335	0.000631	0.000626	0.000683	0.000296	0.000625	0.000586	0.000403	0.000621	0.000629	0.00056	0.000692	0.000406	0.001243	0.001431	0.001308	0.001374	0.001297	0.00141	0.001469	0.001738	0.00199	0.002406	0.002029	0.002396	0.002304	0.003686	0.003302	0.003709	0.004557	0.004321	0.004238	0.004272	0.006506	0.005669	0.007448	0.007581	0.006996	0.010237	0.009628	0.010823	0.009605	0.012011	0.013897	0.014902	0.014441	0.021987	0.017889	0.021225	0.023528	0.024125	0.029913	0.028757	0.03838	0.048824	0.044504	0.056404	0.059545	0.055566	0.075481	0.081707	0.095276	0.080604	0.10292	0.119356	0.129041	0.150335	0.155876	0.176289	0.188681	0.19964	0.191245	0.231552	0.264045	0.308371	0.23315	0.409918	0.287728	0.435224	0.263817	0.345821	0.407997
0.016159	0.001958	0.000911	0.000857	0.000371	0.000412	0.000385	0.000394	0.000184	0.000226	0.000193	0.000197	0.000281	0.000285	0.000495	0.000289	0.0005	0.000304	0.000424	0.000776	0.000777	0.00063	0.000794	0.001013	0.0007	0.000492	0.000646	0.000601	0.00041	0.000554	0.000625	0.000757	0.000602	0.001694	0.000972	0.001104	0.001362	0.001287	0.002099	0.001973	0.002368	0.001853	0.00263	0.002228	0.00194	0.002582	0.003118	0.003594	0.004194	0.004405	0.004383	0.004481	0.005597	0.006406	0.006806	0.006853	0.008096	0.008603	0.011211	0.010729	0.011761	0.009616	0.010864	0.014861	0.016765	0.01869	0.018424	0.021265	0.026863	0.028761	0.030508	0.030326	0.0294	0.040467	0.051372	0.057607	0.056315	0.059107	0.072467	0.088143	0.08275	0.084672	0.111999	0.11758	0.144289	0.136207	0.165971	0.173888	0.202439	0.196596	0.245081	0.21711	0.28193	0.335129	0.301604	0.366879	0.409804	0.3484	0.399617	0.714238	0.433463
0.016159	0.001512	0.00095	0.00084	0.000688	0.000367	0.000238	0.000139	0.000357	0.000294	0.000263	0.000231	0.000394	0.0006	0.000326	0.000495	0.000457	0.000378	0.000436	0.000423	0.000411	0.000828	0.000512	0.000448	0.000668	0.000633	0.000429	0.001028	0.001058	0.000676	0.000961	0.000557	0.000754	0.001332	0.000976	0.000898	0.001416	0.001164	0.001465	0.001325	0.001896	0.001998	0.002272	0.003332	0.003278	0.002933	0.002867	0.004133	0.00386	0.004645	0.006204	0.004442	0.005783	0.006394	0.006247	0.007527	0.009113	0.00979	0.008571	0.010783	0.013135	0.010581	0.012608	0.013764	0.019253	0.022777	0.016418	0.022643	0.023442	0.027322	0.031673	0.02779	0.034232	0.038398	0.047401	0.053124	0.052637	0.062649	0.070212	0.08266	0.083487	0.085611	0.098387	0.109269	0.128715	0.156804	0.156589	0.180102	0.179255	0.225349	0.235846	0.223086	0.239322	0.265041	0.380267	0.326518	0.325444	0.410105	0.4462	0.68032	0.770713
0.014778	0.001703	0.001013	0.000911	0.000674	0.000453	0.000397	0.000542	0.000174	0.000285	0.000183	0.000112	0.000576	0.000392	0.000521	0.000409	0.000332	0.000837	0.000633	0.000479	0.00056	0.000512	0.000385	0.000506	0.000444	0.000495	0.000803	0.000733	0.000637	0.001177	0.000603	0.000619	0.00118	0.000682	0.00113	0.00129	0.001336	0.001093	0.002371	0.001453	0.001878	0.00178	0.002803	0.002728	0.003113	0.003335	0.00267	0.003439	0.00383	0.005641	0.004838	0.004946	0.005021	0.005985	0.007289	0.007336	0.008298	0.007822	0.009164	0.010784	0.011647	0.012114	0.01412	0.014456	0.016868	0.021719	0.021531	0.020128	0.028606	0.026201	0.028581	0.02878	0.037911	0.041804	0.04661	0.051789	0.061502	0.056979	0.062293	0.07524	0.090294	0.075189	0.090379	0.119181	0.150063	0.141797	0.172849	0.171378	0.175439	0.23712	0.217353	0.275756	0.298848	0.320503	0.339649	0.305152	0.379459	0.534226	0.56444	0.661297	0.401338
0.015816	0.001226	0.00094	0.000975	0.000713	0.000255	0.000161	0.000264	0.000237	0.000208	0.000285	0.000073	0.000149	0.000306	0.000353	0.00036	0.000409	0.000584	0.000421	0.000634	0.000698	0.000423	0.000515	0.00044	0.000786	0.000718	0.000934	0.000687	0.000607	0.000568	0.000715	0.000668	0.000962	0.001175	0.001088	0.000927	0.001221	0.001336	0.001282	0.001596	0.001764	0.002193	0.0019	0.002743	0.003759	0.002418	0.003662	0.004471	0.003933	0.005036	0.00516	0.004739	0.00638	0.007213	0.007271	0.007574	0.007809	0.008851	0.009513	0.010496	0.010889	0.013858	0.014991	0.014393	0.016356	0.020946	0.018725	0.022852	0.021348	0.023514	0.027235	0.026216	0.037544	0.039505	0.040196	0.047675	0.051103	0.054793	0.070521	0.077266	0.088581	0.076975	0.092496	0.099214	0.119421	0.135947	0.156316	0.167477	0.176204	0.21869	0.214121	0.201698	0.249215	0.286042	0.272525	0.358405	0.251481	0.36119	0.411982	0.537109	0.55029
0.016603	0.001697	0.000808	0.000836	0.000606	0.000422	0.000384	0.000322	0.000297	0.00044	0.000243	0.000142	0.000182	0.000224	0.000383	0.000784	0.000522	0.000535	0.000336	0.000551	0.000385	0.000622	0.000672	0.000365	0.000497	0.000394	0.000775	0.000825	0.000687	0.001029	0.001073	0.000975	0.001004	0.000962	0.00145	0.001156	0.001193	0.001416	0.001719	0.001859	0.001408	0.00202	0.002702	0.001839	0.002624	0.003968	0.003772	0.003343	0.004757	0.003951	0.003848	0.005128	0.005815	0.006124	0.008265	0.007019	0.008515	0.008248	0.009061	0.011092	0.008747	0.011965	0.01462	0.015574	0.016619	0.020223	0.016848	0.022642	0.026043	0.025259	0.031091	0.029467	0.035413	0.042128	0.051635	0.046362	0.057482	0.059912	0.07357	0.078085	0.079286	0.074455	0.103546	0.124362	0.135526	0.151128	0.148214	0.183275	0.183061	0.216624	0.231279	0.20923	0.264058	0.273466	0.282481	0.344013	0.369363	0.472131	0.508598	0.409361	0.314795
0.014251	0.001401	0.000625	0.000633	0.000455	0.000507	0.000195	0.00032	0.000226	0.000331	0.00017	0.000382	0.000321	0.000255	0.000411	0.000384	0.000432	0.000524	0.000705	0.000424	0.000472	0.00048	0.000545	0.000389	0.000524	0.000609	0.000508	0.000721	0.000605	0.000516	0.000667	0.001266	0.000521	0.001072	0.001787	0.000899	0.000955	0.001263	0.001996	0.002359	0.00193	0.002185	0.002728	0.002646	0.002742	0.003857	0.003412	0.003398	0.005545	0.00445	0.004614	0.004811	0.005657	0.004645	0.008314	0.006777	0.009341	0.00719	0.010128	0.009465	0.011579	0.012483	0.012061	0.017588	0.012931	0.019412	0.016774	0.017228	0.026332	0.025515	0.030301	0.026738	0.040764	0.039187	0.043334	0.052184	0.05584	0.054902	0.069966	0.0758	0.082552	0.089534	0.101252	0.113712	0.130656	0.134848	0.158797	0.145403	0.177513	0.193708	0.21196	0.224622	0.279799	0.316357	0.268045	0.288494	0.441458	0.410159	0.369125	0.248889	0.339815
0.014954	0.001661	0.000582	0.000592	0.000497	0.000596	0.000438	0.00052	0.000128	0.000258	0.000363	0.000339	0.000243	0.00032	0.000328	0.000411	0.000462	0.000751	0.000773	0.000543	0.000767	0.000738	0.000711	0.000458	0.000339	0.000627	0.000775	0.000394	0.000663	0.000605	0.00057	0.001089	0.001015	0.00052	0.001006	0.001308	0.001037	0.001635	0.002123	0.002381	0.002167	0.002061	0.003105	0.002339	0.002284	0.004044	0.003885	0.003406	0.003282	0.004856	0.004862	0.004632	0.006524	0.006168	0.007758	0.006568	0.007428	0.008198	0.011231	0.009478	0.011738	0.010801	0.013412	0.014256	0.015984	0.017238	0.020356	0.020655	0.023066	0.02827	0.030307	0.027424	0.03439	0.0448	0.044612	0.058267	0.060895	0.05491	0.067716	0.073882	0.082609	0.077133	0.094064	0.116068	0.133018	0.142403	0.157864	0.164777	0.183537	0.214917	0.218347	0.242379	0.241749	0.283227	0.308037	0.300888	0.382434	0.448822	0.490457	0.399855	0.344375
0.015677	0.00169	0.000682	0.000481	0.000385	0.000282	0.000345	0.000267	0.000292	0.000192	0.000161	0.00056	0.000068	0.000173	0.000426	0.000291	0.000525	0.000466	0.000842	0.000534	0.000798	0.000601	0.000659	0.000487	0.000451	0.000767	0.000672	0.000438	0.000614	0.000877	0.001355	0.000734	0.00091	0.001323	0.001499	0.001143	0.001094	0.001366	0.002103	0.001453	0.002684	0.001839	0.00182	0.002427	0.002681	0.002959	0.003696	0.003586	0.004545	0.005204	0.005144	0.003919	0.006071	0.006889	0.005475	0.007552	0.007297	0.00778	0.009484	0.009712	0.010871	0.010704	0.012108	0.014608	0.015698	0.020247	0.015867	0.018562	0.020278	0.023395	0.025649	0.032282	0.028036	0.039972	0.04044	0.047997	0.054484	0.05264	0.063699	0.075243	0.072505	0.081873	0.088363	0.115856	0.127354	0.132589	0.166664	0.170307	0.175962	0.216313	0.207729	0.20578	0.225646	0.262738	0.318033	0.316937	0.281313	0.300649	0.380839	0.379387	0.4338
0.013922	0.001706	0.000814	0.000682	0.000584	0.000484	0.000277	0.000512	0.000332	0.00029	0.000286	0.00032	0.000262	0.000504	0.000345	0.00046	0.000547	0.000568	0.001218	0.000687	0.000661	0.00038	0.000604	0.000522	0.000565	0.000531	0.000329	0.00061	0.000703	0.000989	0.00075	0.00064	0.000957	0.00072	0.001323	0.000781	0.001131	0.001009	0.002106	0.001751	0.001438	0.00241	0.002554	0.002504	0.002899	0.002976	0.003179	0.003974	0.004145	0.003946	0.004774	0.003664	0.005948	0.004912	0.007265	0.006544	0.007638	0.009237	0.008642	0.009206	0.009101	0.010866	0.01446	0.015607	0.018148	0.019131	0.017968	0.022232	0.025252	0.025907	0.028414	0.030166	0.041465	0.036836	0.040925	0.051597	0.060387	0.054356	0.065933	0.077718	0.078138	0.086524	0.10259	0.11515	0.124729	0.111891	0.173031	0.183698	0.183145	0.199471	0.221522	0.231718	0.271733	0.266977	0.343146	0.313686	0.375244	0.394798	0.334349	0.426696	0.552204
0.013164	0.001389	0.000666	0.000741	0.000677	0.000272	0.00041	0.000239	0.000406	0.000297	0.000128	0.000158	0.000223	0.000261	0.000268	0.000653	0.00053	0.000548	0.000531	0.001061	0.000606	0.000539	0.000676	0.000513	0.000385	0.000297	0.000691	0.000506	0.000349	0.001006	0.001124	0.000842	0.00116	0.000833	0.00113	0.001561	0.001932	0.00138	0.001536	0.001481	0.001864	0.001491	0.002219	0.002477	0.002317	0.002908	0.003502	0.003164	0.003475	0.004266	0.004822	0.004322	0.00607	0.005469	0.005947	0.007596	0.007047	0.007421	0.009904	0.00958	0.010112	0.010936	0.014835	0.013503	0.016223	0.017003	0.019658	0.018689	0.024059	0.026332	0.025555	0.023147	0.036609	0.042706	0.044164	0.048193	0.054135	0.053395	0.069744	0.073893	0.079103	0.085101	0.097968	0.109493	0.121631	0.137254	0.150486	0.15419	0.17224	0.224995	0.209593	0.249302	0.268597	0.285975	0.241551	0.322026	0.286598	0.467087	0.48104	0.558659	0.557569
0.012617	0.001206	0.000655	0.000758	0.0006	0.0004	0.000436	0.00027	0.000068	0.00047	0.000261	0.000317	0.000157	0.000442	0.000454	0.000401	0.000756	0.000921	0.000549	0.000758	0.000626	0.000727	0.000288	0.000416	0.000586	0.000417	0.000827	0.000421	0.0009	0.000733	0.000671	0.000895	0.000467	0.000835	0.000878	0.001292	0.001539	0.001529	0.001427	0.001845	0.002327	0.002321	0.002519	0.003612	0.002353	0.003407	0.003282	0.003835	0.003481	0.004989	0.005018	0.00451	0.005856	0.005952	0.007673	0.006128	0.007667	0.009163	0.009276	0.008287	0.012488	0.01275	0.012965	0.014169	0.016408	0.017798	0.019464	0.017859	0.017755	0.024477	0.027987	0.031326	0.031591	0.042402	0.045527	0.040075	0.050146	0.05758	0.067204	0.075694	0.076844	0.085807	0.087014	0.111443	0.122594	0.120888	0.156468	0.143025	0.18491	0.187771	0.214198	0.231453	0.239986	0.304066	0.305149	0.319721	0.238255	0.323613	0.32298	0.35432	0.45821
0.013354	0.001741	0.001064	0.000359	0.000522	0.000228	0.000394	0.000332	0.000335	0.000302	0.000266	0.000291	0.000314	0.00031	0.00022	0.000519	0.000469	0.00045	0.000569	0.000441	0.000644	0.000471	0.000763	0.00065	0.000533	0.000657	0.000817	0.000609	0.000788	0.000843	0.000768	0.00072	0.000889	0.000985	0.001608	0.000925	0.00139	0.001099	0.002	0.001913	0.001766	0.001613	0.002182	0.002334	0.002622	0.003322	0.002356	0.003186	0.003826	0.0035	0.004971	0.004242	0.005427	0.005573	0.006637	0.007152	0.006096	0.007398	0.009359	0.00874	0.010457	0.011722	0.014521	0.015487	0.014929	0.016381	0.016354	0.019191	0.021232	0.020708	0.029001	0.026712	0.032178	0.036201	0.047545	0.044234	0.04328	0.049603	0.058193	0.071215	0.077218	0.072568	0.095542	0.091922	0.130658	0.137835	0.137373	0.148219	0.170493	0.187547	0.238145	0.221087	0.246178	0.246846	0.253767	0.336519	0.326468	0.363326	0.388166	0.609385	0.396098
0.012271	0.00135	0.000659	0.000565	0.000324	0.000256	0.000322	0.000131	0.000198	0.000233	0.000234	0.000365	0.000257	0.000406	0.000216	0.00044	0.000585	0.000775	0.000452	0.000577	0.000744	0.000423	0.000554	0.000645	0.00053	0.00049	0.000489	0.00069	0.000606	0.000868	0.000663	0.000485	0.000621	0.000793	0.000884	0.000882	0.00135	0.001095	0.001744	0.001111	0.002105	0.002331	0.00269	0.003067	0.00284	0.003688	0.003489	0.003152	0.004163	0.004425	0.004435	0.005895	0.005514	0.004305	0.005616	0.007414	0.008544	0.00788	0.008297	0.010879	0.010256	0.012239	0.012799	0.011854	0.015092	0.01586	0.015567	0.02015	0.021839	0.023471	0.025796	0.028546	0.037194	0.035166	0.042083	0.046258	0.055089	0.050611	0.065705	0.063745	0.074392	0.074838	0.087597	0.108662	0.11348	0.106567	0.15715	0.148455	0.152734	0.194009	0.191542	0.204777	0.233921	0.257657	0.275373	0.343907	0.467342	0.372302	0.647637	0.325257	0.415434
0.011486	0.001022	0.000769	0.000452	0.000399	0.000549	0.000416	0.000355	0.00036	0.000363	0.000333	0.000235	0.000332	0.000097	0.000468	0.000495	0.000851	0.000819	0.000955	0.000533	0.000517	0.000499	0.00071	0.000965	0.000819	0.00074	0.000655	0.000573	0.000936	0.000848	0.00087	0.00058	0.000883	0.001313	0.000964	0.000995	0.001295	0.001349	0.001382	0.001319	0.001669	0.001994	0.002545	0.003479	0.003269	0.002743	0.003879	0.004076	0.004534	0.004027	0.005076	0.004322	0.004828	0.005429	0.007886	0.005906	0.00816	0.008897	0.006838	0.009551	0.011732	0.010337	0.013284	0.014687	0.014638	0.016308	0.018489	0.020151	0.021439	0.023815	0.026605	0.028714	0.031147	0.038417	0.043401	0.041206	0.047259	0.059559	0.055882	0.065372	0.070113	0.074695	0.094317	0.09591	0.111367	0.118397	0.149737	0.145239	0.152019	0.179671	0.188545	0.236552	0.204654	0.265475	0.289394	0.343705	0.293087	0.372698	0.410472	0.416329	0.630708
0.010971	0.000698	0.000649	0.00055	0.000524	0.000436	0.000163	0.000161	0.000293	0.000263	0.000299	0.000303	0.000102	0.000134	0.000355	0.000469	0.000822	0.000862	0.000569	0.000456	0.000583	0.000536	0.000515	0.000521	0.000411	0.000542	0.000456	0.000619	0.000742	0.000528	0.000729	0.00075	0.000811	0.00144	0.000613	0.000755	0.00084	0.001405	0.001525	0.001389	0.002102	0.0018	0.001816	0.003261	0.002981	0.002307	0.003837	0.003874	0.004292	0.00483	0.004499	0.004777	0.005895	0.005272	0.005983	0.005145	0.006961	0.007101	0.009171	0.010054	0.009122	0.0109	0.011943	0.013934	0.014223	0.015073	0.017286	0.0172	0.021943	0.022283	0.024562	0.026652	0.029363	0.036138	0.038837	0.040979	0.042236	0.055943	0.059658	0.061535	0.070982	0.068903	0.085207	0.088181	0.100712	0.113968	0.126225	0.129055	0.151196	0.170376	0.176059	0.1716	0.24619	0.287158	0.246057	0.274038	0.245831	0.302741	0.370331	0.298537	0.555076
0.010313	0.001028	0.000703	0.000384	0.000516	0.000211	0.00044	0.000328	0.000325	0.000164	0.000099	0.000335	0.000237	0.000375	0.000201	0.000259	0.000517	0.000628	0.000557	0.000657	0.000718	0.000638	0.000513	0.000645	0.000653	0.001045	0.000508	0.000459	0.000998	0.000532	0.000729	0.000856	0.000421	0.000411	0.000578	0.000858	0.000596	0.001699	0.001472	0.001532	0.001853	0.00151	0.001815	0.001567	0.002538	0.00334	0.002714	0.00322	0.004057	0.003398	0.004632	0.004548	0.004288	0.005455	0.006098	0.006568	0.00575	0.006692	0.009802	0.00956	0.010443	0.010074	0.013125	0.013632	0.014196	0.01669	0.016567	0.020832	0.021554	0.021541	0.024879	0.029508	0.030369	0.033889	0.046452	0.043012	0.044857	0.051795	0.058457	0.06378	0.07013	0.075103	0.085887	0.091331	0.097539	0.106846	0.132717	0.143205	0.146529	0.160233	0.189854	0.215078	0.182205	0.242904	0.225807	0.285942	0.301028	0.332358	0.357672	0.509562	0.50141
0.011674	0.000922	0.000757	0.000316	0.000503	0.0005	0.000213	0.000204	0.000165	0.000263	0.000198	0.0002	0.000269	0.00041	0.000274	0.000538	0.000552	0.000633	0.000739	0.000744	0.000634	0.000915	0.000733	0.001045	0.000506	0.000408	0.001015	0.00101	0.000583	0.000353	0.000978	0.000371	0.000949	0.000983	0.000829	0.001187	0.001074	0.001036	0.001278	0.001103	0.001314	0.00175	0.00171	0.002721	0.002118	0.003509	0.003243	0.003813	0.004227	0.004591	0.004063	0.003841	0.005605	0.005021	0.005693	0.006823	0.007442	0.008768	0.008253	0.009665	0.011195	0.010118	0.011557	0.01516	0.014308	0.018901	0.019182	0.021124	0.025278	0.023687	0.027492	0.02728	0.031929	0.036208	0.039221	0.048011	0.048677	0.054437	0.058674	0.068794	0.082792	0.076898	0.0903	0.101129	0.103963	0.119268	0.130591	0.144897	0.161349	0.16358	0.198817	0.207208	0.286427	0.272458	0.260645	0.294642	0.318721	0.365417	0.378932	0.461538	0.413793
0.010101	0.000937	0.001013	0.000243	0.000361	0.000135	0.000334	0.000142	0.000239	0.0001	0.000231	0.000264	0.000266	0.000238	0.000377	0.000685	0.000607	0.00079	0.000617	0.000563	0.000669	0.000608	0.000864	0.000744	0.000636	0.00064	0.000492	0.000705	0.000454	0.00081	0.000537	0.000584	0.000666	0.000625	0.000943	0.000899	0.001154	0.000746	0.001357	0.001063	0.0019	0.001549	0.001767	0.002674	0.002391	0.002102	0.002854	0.002874	0.004315	0.003353	0.003863	0.004083	0.004495	0.005266	0.00596	0.005715	0.007359	0.007247	0.008089	0.008853	0.007774	0.011448	0.010797	0.013687	0.012528	0.015382	0.019161	0.018924	0.021234	0.022058	0.025256	0.026188	0.029948	0.030127	0.036595	0.041821	0.04689	0.042759	0.054919	0.055298	0.067141	0.073299	0.093195	0.085081	0.104139	0.118364	0.118708	0.127333	0.159808	0.168619	0.19256	0.207116	0.223629	0.202247	0.260246	0.267584	0.348664	0.292969	0.33963	0.216899	0.418033
0.01057	0.000933	0.000777	0.00049	0.000327	0.000359	0.000289	0.000222	0.000249	0.00024	0.000133	0.000164	0.000066	0.000167	0.000409	0.000514	0.000376	0.000714	0.000636	0.00043	0.000587	0.000764	0.000418	0.000679	0.000599	0.000392	0.000435	0.000562	0.000567	0.000529	0.000863	0.000663	0.000876	0.000958	0.000998	0.00111	0.000915	0.000992	0.001055	0.001737	0.001176	0.001749	0.001769	0.002316	0.002217	0.003013	0.003437	0.002852	0.003454	0.005027	0.003832	0.00531	0.00515	0.005657	0.005426	0.006006	0.007295	0.007971	0.008496	0.010368	0.008722	0.010061	0.012136	0.011812	0.01301	0.015325	0.015478	0.018137	0.020704	0.022676	0.023996	0.025401	0.030817	0.033645	0.037495	0.036191	0.043851	0.050364	0.049632	0.052483	0.066497	0.077024	0.079172	0.091469	0.098162	0.11059	0.127701	0.137096	0.14436	0.167561	0.189327	0.190344	0.216678	0.203488	0.23914	0.259692	0.34596	0.39755	0.330825	0.467179	0.689042
0.01153	0.000749	0.000446	0.000286	0.00045	0.000348	0.000378	0.000154	0.000147	0.000212	0.000307	0.000265	0.000164	0.000296	0.000201	0.00051	0.000682	0.00041	0.000546	0.000571	0.0009	0.000746	0.000858	0.000472	0.000524	0.000343	0.000346	0.0007	0.000473	0.000677	0.000561	0.00061	0.00066	0.001249	0.001077	0.001279	0.000828	0.00086	0.001178	0.001641	0.001201	0.001596	0.001424	0.002316	0.002586	0.002228	0.002345	0.002551	0.004597	0.002542	0.004606	0.003999	0.004504	0.005217	0.005536	0.005489	0.006428	0.007579	0.006471	0.0079	0.008623	0.011764	0.012595	0.013226	0.012757	0.01407	0.016072	0.018652	0.020926	0.022646	0.025673	0.026857	0.031656	0.033923	0.035266	0.038768	0.041274	0.049619	0.053709	0.058202	0.073772	0.068012	0.088949	0.102246	0.109364	0.121616	0.115105	0.130939	0.137357	0.171955	0.178867	0.176812	0.20515	0.238974	0.248371	0.294948	0.295782	0.32076	0.296919	0.438018	0.303715
0.00998	0.000577	0.000374	0.000363	0.000163	0.000225	0.000204	0.000198	0.000267	0.000183	0.000141	0.000237	0.000165	0.000228	0.000295	0.000466	0.000474	0.000581	0.000411	0.000513	0.000441	0.000712	0.00086	0.000668	0.000399	0.000448	0.000378	0.000723	0.000655	0.000624	0.000747	0.001032	0.000607	0.000678	0.000765	0.000782	0.000843	0.000929	0.000992	0.000789	0.001065	0.001744	0.001331	0.002053	0.002282	0.002422	0.002403	0.002138	0.003021	0.003147	0.00419	0.004049	0.004469	0.005179	0.006341	0.005513	0.006389	0.007848	0.008241	0.007756	0.00996	0.008917	0.011332	0.01123	0.012562	0.012438	0.015031	0.018446	0.020323	0.021269	0.021373	0.028004	0.027131	0.034144	0.033919	0.037479	0.04483	0.048636	0.050248	0.060822	0.067873	0.060696	0.075493	0.086119	0.102142	0.09793	0.107355	0.14094	0.146795	0.156065	0.168997	0.172359	0.208788	0.210192	0.235465	0.25119	0.265722	0.317072	0.324955	0.33286	0.236345
0.009577	0.000856	0.000866	0.000291	0.000323	0.000368	0.000572	0.000121	0.000197	0.000267	0.00022	0.000281	0.000305	0.000264	0.000293	0.000458	0.000567	0.000682	0.00055	0.000347	0.000838	0.000559	0.000559	0.000595	0.000566	0.000801	0.000669	0.0006	0.000686	0.000536	0.00058	0.000941	0.000399	0.000993	0.000722	0.00091	0.001398	0.000905	0.00127	0.001314	0.001489	0.001391	0.001611	0.001696	0.002171	0.002882	0.002792	0.002824	0.003128	0.004061	0.003952	0.004558	0.003903	0.005323	0.00543	0.005486	0.005573	0.008714	0.009141	0.007885	0.009668	0.011038	0.01197	0.01168	0.014066	0.014905	0.015311	0.018142	0.019509	0.022176	0.024557	0.029092	0.029138	0.031807	0.036112	0.039795	0.046568	0.053167	0.049398	0.062962	0.069593	0.074122	0.085616	0.087203	0.105298	0.135821	0.137912	0.143366	0.160093	0.169703	0.2175	0.224251	0.243271	0.26649	0.33092	0.335393	0.319635	0.416124	0.334411	0.387019	0.535646
0.010052	0.000921	0.00049	0.000249	0.00025	0.000243	0.000529	0.000243	0.000281	0.000197	0.000191	0.000147	0.000282	0.000339	0.000165	0.000492	0.00056	0.000705	0.000308	0.00049	0.000538	0.000797	0.000541	0.000535	0.00053	0.000495	0.000431	0.000587	0.000749	0.000642	0.000796	0.000617	0.00083	0.000887	0.000822	0.000916	0.000831	0.000949	0.001069	0.00131	0.00145	0.000698	0.001852	0.00195	0.002073	0.00227	0.00183	0.002712	0.003193	0.003162	0.003252	0.004262	0.005257	0.004291	0.004896	0.007131	0.006684	0.00744	0.007608	0.009141	0.009024	0.010698	0.010207	0.0128	0.013094	0.014149	0.016545	0.015839	0.019659	0.020308	0.023626	0.02567	0.031328	0.029169	0.032916	0.040133	0.048783	0.045303	0.054597	0.062143	0.070501	0.068186	0.082773	0.096649	0.102556	0.107957	0.11738	0.13715	0.142377	0.149704	0.171401	0.204068	0.230412	0.25368	0.280412	0.242888	0.341515	0.40265	0.354968	0.450228	0.48216
0.009577	0.00055	0.000719	0.00041	0.000375	0.00021	0.000161	0.000162	0.000262	0.000241	0.000119	0.000309	0.000112	0.000177	0.000511	0.0006	0.000461	0.000493	0.00047	0.000936	0.000793	0.000739	0.000407	0.000585	0.00079	0.000699	0.000766	0.000676	0.000436	0.000811	0.000706	0.000713	0.000717	0.000761	0.000854	0.001159	0.000629	0.001255	0.001323	0.00103	0.001605	0.00096	0.001826	0.001724	0.001521	0.002477	0.002241	0.003094	0.003355	0.003251	0.004086	0.005057	0.005234	0.005492	0.005354	0.005651	0.006664	0.007402	0.007976	0.007806	0.010546	0.010077	0.012096	0.011968	0.012772	0.014333	0.016256	0.018361	0.018814	0.020701	0.024962	0.025785	0.031732	0.029826	0.039037	0.039891	0.04228	0.04779	0.055409	0.056397	0.060986	0.071596	0.085571	0.097532	0.103807	0.112002	0.120804	0.140612	0.164423	0.167691	0.18881	0.181628	0.227222	0.264499	0.265146	0.313014	0.247778	0.320317	0.29454	0.268173	0.431551
0.009588	0.000692	0.000588	0.00044	0.000206	0.000376	0.000334	0.000242	0.000182	0.00012	0.00012	0.00016	0.000312	0.0003	0.000358	0.000343	0.000533	0.00077	0.000661	0.000511	0.000567	0.000866	0.000601	0.000675	0.00066	0.000886	0.000764	0.0007	0.000461	0.000537	0.000689	0.000809	0.000661	0.000782	0.000818	0.001054	0.001101	0.000927	0.001079	0.001048	0.001489	0.001452	0.001456	0.001538	0.001834	0.002009	0.00266	0.002588	0.002523	0.003637	0.003205	0.002846	0.00454	0.00578	0.005684	0.005952	0.005151	0.006429	0.006767	0.006923	0.008966	0.008037	0.010729	0.012096	0.012224	0.014847	0.015071	0.018903	0.019205	0.019119	0.020645	0.02209	0.030522	0.030046	0.035051	0.038839	0.041463	0.044676	0.050161	0.057066	0.065222	0.076972	0.077288	0.091014	0.111808	0.107973	0.130525	0.142837	0.164699	0.17846	0.196694	0.196973	0.216961	0.224512	0.26315	0.329717	0.321371	0.332395	0.329834	0.303822	0.205208
0.008849	0.000448	0.000308	0.000591	0.000201	0.000247	0.000208	0.00025	0.000282	0.00004	0.000161	0.000081	0.00012	0.000194	0.000338	0.0005	0.000581	0.000551	0.000796	0.000608	0.000472	0.000599	0.00064	0.000725	0.0006	0.00029	0.000567	0.000454	0.000557	0.00056	0.000566	0.000325	0.00063	0.000719	0.000912	0.000875	0.001034	0.00079	0.001	0.001258	0.001235	0.000997	0.001743	0.001744	0.002454	0.002298	0.00251	0.00318	0.002997	0.002933	0.004391	0.003066	0.004245	0.004909	0.006031	0.004233	0.006636	0.007563	0.006472	0.007483	0.009896	0.010769	0.009582	0.011426	0.012268	0.014798	0.015644	0.016018	0.016114	0.016717	0.0208	0.025399	0.028203	0.028554	0.033694	0.041518	0.039593	0.042598	0.050826	0.049688	0.063023	0.07655	0.083235	0.092954	0.09203	0.103093	0.115903	0.12313	0.157213	0.162682	0.185034	0.201275	0.208669	0.250441	0.264615	0.287906	0.331931	0.390889	0.394776	0.251595	0.394564
0.007103	0.00066	0.000374	0.000193	0.000237	0.00012	0.000164	0.00029	0.000166	0.000081	0.000242	0.000202	0.000201	0.000119	0.000154	0.000448	0.00046	0.000823	0.00054	0.000669	0.000528	0.000496	0.00081	0.000415	0.000602	0.000738	0.000612	0.000765	0.00034	0.000645	0.000551	0.000707	0.000795	0.000628	0.000714	0.000873	0.000596	0.000909	0.001316	0.000905	0.00137	0.001414	0.001428	0.001654	0.002181	0.002355	0.002928	0.002634	0.002895	0.003251	0.003348	0.004216	0.004142	0.005863	0.005715	0.005328	0.007226	0.007067	0.007576	0.00831	0.007812	0.009479	0.011875	0.01075	0.012452	0.014459	0.013828	0.01592	0.018195	0.01848	0.020465	0.021673	0.026767	0.030686	0.034627	0.035109	0.033479	0.039915	0.049139	0.049995	0.062022	0.06952	0.076506	0.080066	0.093846	0.100663	0.100641	0.128185	0.12826	0.160536	0.191051	0.200887	0.20386	0.235966	0.217194	0.287706	0.297636	0.314478	0.312147	0.400837	0.482891
0.006763	0.000553	0.000429	0.000291	0.00019	0.000308	0.000117	0.000199	0.000363	0.000162	0.000117	0.000119	0.000078	0.000158	0.000192	0.000451	0.000289	0.000311	0.000676	0.000625	0.000395	0.000595	0.00053	0.000471	0.000586	0.000664	0.000583	0.000349	0.000504	0.000528	0.000728	0.000544	0.000728	0.000908	0.000837	0.000835	0.000953	0.000871	0.001257	0.001579	0.00123	0.001348	0.001842	0.001727	0.001961	0.001897	0.002794	0.002302	0.001876	0.003218	0.003651	0.004303	0.003397	0.005035	0.004561	0.005226	0.006321	0.006587	0.005933	0.007196	0.009551	0.008966	0.009153	0.011324	0.011406	0.012335	0.013861	0.015653	0.016858	0.019871	0.021055	0.021993	0.023344	0.028267	0.029231	0.031509	0.036763	0.042418	0.044358	0.048515	0.061509	0.062	0.072698	0.076726	0.096565	0.095453	0.11767	0.124173	0.136893	0.1476	0.17506	0.1875	0.195202	0.217983	0.233959	0.250871	0.307616	0.262742	0.336264	0.39604	0.497561
0.00603	0.000612	0.000241	0.000213	0.000292	0.000228	0.000347	0.000388	0.000198	0.000121	0.00008	0.000117	0.000158	0.000276	0.000393	0.000115	0.000409	0.000627	0.000553	0.000504	0.000394	0.000479	0.00048	0.000742	0.000716	0.000436	0.000293	0.000537	0.000411	0.000496	0.000586	0.000625	0.000573	0.000501	0.00071	0.000654	0.000629	0.001134	0.000928	0.001148	0.001028	0.001646	0.001304	0.001306	0.001664	0.002141	0.002164	0.002691	0.00243	0.002784	0.003302	0.003462	0.003443	0.004298	0.00518	0.005258	0.004093	0.006272	0.007527	0.006264	0.006608	0.00881	0.008534	0.009437	0.012107	0.012937	0.013656	0.011349	0.016599	0.018419	0.021467	0.021085	0.024877	0.026449	0.028692	0.03619	0.035914	0.036008	0.044777	0.049506	0.059372	0.064994	0.072186	0.082119	0.088698	0.101124	0.107076	0.13021	0.131381	0.155915	0.183858	0.175549	0.200093	0.202004	0.239909	0.225249	0.339936	0.287256	0.301449	0.338028	0.455882
0.006662	0.000763	0.000543	0.000206	0.00039	0.000146	0.000304	0.000038	0.000155	0.000198	0.00012	0.00024	0.000116	0.000274	0.000313	0.000312	0.000609	0.000351	0.000573	0.000622	0.000472	0.000499	0.000875	0.000312	0.000425	0.000287	0.000434	0.000471	0.000531	0.000882	0.000688	0.000355	0.000622	0.000503	0.000824	0.000884	0.000796	0.000552	0.000827	0.000692	0.001359	0.001546	0.001863	0.0013	0.001669	0.00146	0.002182	0.001982	0.002094	0.003121	0.003418	0.003899	0.003151	0.004077	0.005531	0.004727	0.005605	0.006379	0.007651	0.007766	0.007717	0.007777	0.009857	0.011683	0.010616	0.011678	0.013831	0.016025	0.016398	0.016467	0.020011	0.018492	0.023085	0.02771	0.030541	0.034463	0.033687	0.039413	0.045306	0.05069	0.060096	0.059635	0.067064	0.086037	0.090116	0.099335	0.116168	0.125979	0.135576	0.144065	0.166219	0.199842	0.189224	0.185871	0.247129	0.276175	0.27913	0.314593	0.333942	0.267717	0.348214
0.006805	0.000635	0.000345	0.000203	0.000137	0.000211	0.000109	0.000226	0.000115	0.000154	0.000079	0.000079	0.000119	0.000154	0.000156	0.00031	0.000424	0.000302	0.000829	0.000715	0.000555	0.00041	0.000508	0.000443	0.000524	0.000354	0.000426	0.000428	0.000678	0.000488	0.000669	0.000486	0.000448	0.000843	0.000731	0.000954	0.000596	0.000861	0.000767	0.001193	0.000725	0.001017	0.001557	0.001369	0.001821	0.001541	0.001679	0.001909	0.002395	0.002345	0.00339	0.00296	0.004231	0.004071	0.00489	0.004642	0.004425	0.006164	0.007032	0.006844	0.009034	0.008421	0.008552	0.011279	0.010312	0.01271	0.013347	0.013959	0.012771	0.015757	0.01937	0.02105	0.023278	0.025991	0.029396	0.030185	0.031713	0.038351	0.042426	0.047179	0.056021	0.061999	0.072267	0.078056	0.080177	0.097699	0.10668	0.121791	0.135264	0.143396	0.160955	0.18141	0.194922	0.248011	0.245855	0.255484	0.311454	0.267292	0.34375	0.300752	0.419355
0.006366	0.000677	0.000175	0.000274	0.000402	0.000169	0.00014	0.000143	0.000112	0.000189	0.000076	0.000272	0.000079	0.000275	0.000152	0.000384	0.000574	0.00042	0.000657	0.000405	0.000537	0.00049	0.000556	0.000516	0.000928	0.000611	0.000527	0.000595	0.00042	0.00049	0.000786	0.000526	0.000543	0.000726	0.000769	0.000952	0.000707	0.001318	0.000993	0.000722	0.001107	0.001286	0.001514	0.001267	0.001601	0.001729	0.002121	0.001837	0.002722	0.003271	0.003298	0.003026	0.004397	0.00575	0.004031	0.00451	0.005767	0.006283	0.004861	0.007761	0.007902	0.00835	0.00885	0.008778	0.011574	0.014872	0.011523	0.014267	0.014052	0.016358	0.018768	0.020627	0.023301	0.025888	0.028348	0.034626	0.034926	0.037259	0.039588	0.047374	0.05201	0.057781	0.068666	0.078983	0.088602	0.103201	0.10692	0.112026	0.128701	0.144968	0.185885	0.180608	0.185185	0.254949	0.260523	0.272054	0.340314	0.33586	0.291866	0.350792	0.323478
0.00668	0.000673	0.000318	0.000312	0.000204	0.000232	0.000134	0.000208	0.000107	0.000148	0.00015	0.000151	0.000384	0.000311	0.000311	0.00062	0.000607	0.000643	0.000796	0.000599	0.000478	0.000434	0.00057	0.000459	0.00052	0.000499	0.000536	0.000656	0.000531	0.000547	0.000512	0.000569	0.000776	0.000816	0.000746	0.000411	0.000941	0.000832	0.001097	0.000842	0.000929	0.001023	0.001162	0.00104	0.001534	0.00199	0.002441	0.002497	0.00274	0.002847	0.003411	0.003602	0.003882	0.003196	0.003879	0.004149	0.005158	0.005823	0.005494	0.007426	0.008373	0.006898	0.010706	0.010377	0.012074	0.011603	0.013711	0.015899	0.014841	0.017779	0.018563	0.019607	0.024947	0.025436	0.027677	0.033533	0.034369	0.036981	0.043619	0.047484	0.054574	0.064186	0.070937	0.083053	0.090131	0.09762	0.10297	0.126275	0.137373	0.147675	0.168378	0.173582	0.231821	0.231548	0.235575	0.315606	0.345455	0.32462	0.368336	0.40046	0.444846
0.005865	0.000611	0.000493	0.000246	0.000103	0.000101	0.000198	0.0001	0.000069	0.000106	0.00011	0.000371	0.000075	0.000267	0.000308	0.000403	0.000445	0.00045	0.000791	0.000492	0.000487	0.000521	0.000478	0.000399	0.000429	0.000628	0.000736	0.000683	0.000491	0.00057	0.000602	0.000586	0.000725	0.000669	0.001054	0.000523	0.000626	0.000963	0.000725	0.00068	0.001148	0.00156	0.001416	0.001418	0.001035	0.001842	0.001904	0.001997	0.002615	0.002296	0.002472	0.002766	0.003957	0.00314	0.005627	0.004262	0.005613	0.006064	0.005428	0.008035	0.006313	0.007694	0.007462	0.009629	0.009578	0.010982	0.013096	0.014463	0.01407	0.016147	0.020025	0.018823	0.021457	0.022653	0.025584	0.029717	0.02835	0.035828	0.036621	0.045594	0.054524	0.054576	0.071635	0.071353	0.084796	0.086842	0.104727	0.111785	0.130473	0.16544	0.173874	0.192239	0.204285	0.225293	0.234441	0.253344	0.279781	0.327596	0.305531	0.295533	0.368771
0.004267	0.00054	0.000108	0.000316	0.00028	0.00024	0.000067	0.000197	0.000066	0.000103	0.000105	0.000218	0.000258	0.000186	0.000303	0.000497	0.000798	0.000663	0.00045	0.000528	0.000342	0.000266	0.000457	0.000339	0.000407	0.000507	0.000488	0.000374	0.000202	0.000501	0.000463	0.000677	0.000631	0.000882	0.000855	0.000679	0.000643	0.000591	0.000798	0.001133	0.001218	0.001387	0.001274	0.001559	0.001678	0.001917	0.001411	0.001627	0.002359	0.002015	0.002463	0.003271	0.003002	0.003458	0.004021	0.004088	0.004481	0.004894	0.006043	0.007714	0.008558	0.007263	0.007986	0.009635	0.009642	0.011194	0.01174	0.013598	0.012344	0.016589	0.018621	0.01859	0.018388	0.021174	0.023509	0.029567	0.030732	0.032903	0.040154	0.040082	0.044605	0.057091	0.063848	0.068235	0.076304	0.085017	0.088701	0.117298	0.114045	0.132909	0.158895	0.168856	0.17237	0.194691	0.20817	0.283458	0.285767	0.302652	0.296596	0.188811	0.407407
0.004701	0.000286	0.000396	0.000251	0.000246	0.00007	0.000069	0.000101	0.000131	0.000099	0.000102	0.00014	0.000109	0.000184	0.00052	0.000434	0.000567	0.000528	0.000295	0.000979	0.000379	0.000385	0.000546	0.000668	0.000348	0.000414	0.000436	0.000452	0.00027	0.000501	0.000662	0.000575	0.000396	0.000562	0.000684	0.000694	0.000677	0.000764	0.0009	0.000941	0.001312	0.00132	0.001215	0.001523	0.001489	0.001384	0.001846	0.00169	0.002149	0.002689	0.002749	0.002592	0.00366	0.002729	0.003994	0.004646	0.005511	0.004493	0.006016	0.005937	0.006917	0.008377	0.00944	0.009411	0.009337	0.012819	0.011665	0.011935	0.014968	0.016624	0.016201	0.020936	0.022406	0.021602	0.026533	0.029218	0.031042	0.034342	0.038366	0.045204	0.048928	0.056669	0.060883	0.068845	0.084252	0.097639	0.109861	0.10961	0.147951	0.137036	0.172566	0.187917	0.222694	0.21943	0.239878	0.271873	0.328611	0.290419	0.377953	0.410314	0.518644
0.00573	0.000444	0.000485	0.000072	0.000252	0.00007	0.000211	0.000275	0.000235	0.000131	0.000165	0.000187	0.00007	0.000036	0.000147	0.000277	0.000187	0.000561	0.000225	0.000515	0.000264	0.000268	0.000355	0.000363	0.000384	0.000473	0.000719	0.000581	0.000415	0.000401	0.000497	0.000412	0.000624	0.000625	0.000429	0.00052	0.000661	0.000646	0.000794	0.000838	0.000702	0.001642	0.001001	0.001218	0.001598	0.001458	0.001277	0.002281	0.00225	0.002478	0.002679	0.002761	0.003132	0.002994	0.004081	0.003929	0.004793	0.005337	0.005866	0.005925	0.006476	0.007122	0.008408	0.008254	0.009021	0.0096	0.010084	0.012785	0.013937	0.014692	0.016025	0.018064	0.017078	0.023095	0.023296	0.025206	0.024507	0.033742	0.0382	0.040147	0.049275	0.050356	0.057704	0.066968	0.072755	0.086715	0.092951	0.103719	0.118524	0.138903	0.148863	0.175526	0.1705	0.202686	0.219459	0.245186	0.26616	0.262204	0.318841	0.39171	0.466216
0.004478	0.000618	0.000389	0.000179	0.000144	0.000252	0.000211	0.000245	0.000103	0.000067	0.000131	0.000214	0.000136	0.000208	0.000252	0.000182	0.000365	0.000698	0.000441	0.000442	0.000219	0.000379	0.000584	0.000282	0.000473	0.000246	0.000513	0.000527	0.000502	0.000476	0.000428	0.000558	0.000837	0.000327	0.00059	0.000591	0.000646	0.000753	0.000889	0.00064	0.000682	0.001179	0.001199	0.00112	0.001392	0.001494	0.00179	0.001846	0.002094	0.00206	0.002587	0.002628	0.003301	0.00359	0.003696	0.003437	0.004238	0.003973	0.005802	0.005555	0.006654	0.007392	0.008696	0.009845	0.009378	0.009755	0.011586	0.012316	0.013596	0.01541	0.015917	0.014853	0.018044	0.023737	0.023594	0.026467	0.02937	0.033005	0.035988	0.042016	0.046728	0.061021	0.06105	0.067302	0.083624	0.094913	0.102517	0.112782	0.132499	0.142673	0.147756	0.177188	0.212327	0.234663	0.248002	0.250641	0.289284	0.330808	0.420984	0.41708	0.366617
0.005313	0.000766	0.000181	0.000184	0.000107	0.000144	0.000142	0.00007	0.000243	0.000102	0.0001	0.000146	0.000065	0.000135	0.000172	0.000106	0.000429	0.000392	0.000535	0.000356	0.000468	0.000325	0.000341	0.000546	0.000404	0.000287	0.000445	0.000389	0.000811	0.000524	0.000695	0.000484	0.000405	0.000583	0.000903	0.001003	0.000649	0.000479	0.000807	0.001017	0.001087	0.000861	0.00152	0.00098	0.001147	0.001836	0.00124	0.001969	0.001881	0.002326	0.001784	0.002369	0.002911	0.00351	0.003326	0.004184	0.003716	0.005453	0.005728	0.00553	0.006332	0.007517	0.008309	0.008009	0.007161	0.009755	0.010957	0.012068	0.012823	0.013659	0.015418	0.018896	0.021033	0.022155	0.022208	0.027375	0.028742	0.035221	0.036405	0.041368	0.04587	0.051846	0.059255	0.063249	0.082543	0.088077	0.096344	0.122973	0.134875	0.133327	0.164471	0.18827	0.217094	0.226092	0.257175	0.281089	0.363678	0.308714	0.352294	0.289855	0.381895
0.004172	0.000666	0.000253	0.00025	0.000291	0.000106	0.000177	0.000105	0.000137	0.000034	0.000101	0.000147	0.000096	0.000162	0.000133	0.000305	0.000627	0.000454	0.000658	0.000554	0.000555	0.000497	0.000324	0.000151	0.000426	0.000558	0.000201	0.000434	0.000415	0.000464	0.000507	0.000612	0.000569	0.000413	0.000666	0.000792	0.000701	0.000735	0.000693	0.001057	0.001108	0.000777	0.001036	0.001256	0.001589	0.001607	0.001721	0.001815	0.002106	0.002288	0.002245	0.002456	0.003246	0.0038	0.003266	0.004495	0.003465	0.004039	0.00462	0.006597	0.005593	0.005193	0.007554	0.007635	0.009797	0.009443	0.010431	0.013082	0.013031	0.013727	0.016636	0.016964	0.020015	0.020983	0.022234	0.023542	0.0283	0.031387	0.03676	0.03796	0.0467	0.053891	0.058289	0.065851	0.07057	0.090552	0.099144	0.106289	0.123739	0.147618	0.15773	0.176071	0.197417	0.237292	0.279237	0.280212	0.314202	0.282623	0.368478	0.386584	0.404011
0.005483	0.000439	0.00022	0.000107	0.000212	0.000108	0.00014	0.000106	0.000104	0.000034	0.000034	0.000033	0.000097	0.000254	0.000193	0.000297	0.000401	0.000566	0.000653	0.000307	0.000307	0.000241	0.000498	0.000506	0.000227	0.000289	0.000472	0.000236	0.000499	0.000293	0.000381	0.000592	0.000584	0.000575	0.000718	0.000781	0.00086	0.00085	0.000695	0.00081	0.000757	0.000919	0.001007	0.00127	0.001656	0.001338	0.001633	0.002347	0.002248	0.001955	0.002397	0.002861	0.003049	0.003607	0.003236	0.003842	0.004008	0.004348	0.004387	0.005541	0.006334	0.006891	0.007284	0.007847	0.008363	0.009189	0.008902	0.009895	0.013692	0.015491	0.014879	0.016738	0.019006	0.021456	0.022314	0.025413	0.028372	0.030316	0.03523	0.036399	0.042413	0.052439	0.057597	0.068059	0.080382	0.094696	0.094855	0.123056	0.127009	0.149311	0.16643	0.182386	0.206932	0.222138	0.273345	0.256942	0.284001	0.332433	0.393833	0.362357	0.407692
0.004477	0.000608	0.000219	0.000146	0.000071	0.000211	0.000143	0.000122	0.00021	0.000207	0	0.000101	0.000231	0.000065	0.000205	0.000414	0.000424	0.000513	0.000444	0.000205	0.000338	0.000306	0.000519	0.000394	0.0004	0.000208	0.000458	0.000271	0.000269	0.000336	0.000356	0.000575	0.000761	0.000576	0.000614	0.000708	0.00088	0.000619	0.000781	0.000815	0.001236	0.001008	0.001002	0.001119	0.001325	0.001572	0.001865	0.001844	0.00224	0.00221	0.002424	0.002134	0.002786	0.002656	0.002969	0.003278	0.004196	0.004048	0.004372	0.004974	0.00562	0.006157	0.006598	0.007576	0.007622	0.010222	0.008348	0.00996	0.012145	0.010918	0.013239	0.013686	0.015563	0.019291	0.021816	0.02173	0.025341	0.031795	0.03012	0.036941	0.04561	0.050405	0.057517	0.066167	0.070973	0.08008	0.091025	0.099386	0.118635	0.128109	0.163562	0.183363	0.185133	0.217197	0.214775	0.236924	0.265042	0.352338	0.314314	0.41018	0.402941
0.004397	0.000319	0.000178	0.000327	0.000109	0.000106	0.00007	0.000053	0.000104	0.000087	0.000171	0.000067	0.000167	0.000065	0.000144	0.000251	0.000378	0.000453	0.000498	0.000341	0.000509	0.000135	0.000275	0.00035	0.000362	0.000365	0.000563	0.000264	0.000379	0.000225	0.000511	0.000349	0.000601	0.000416	0.000416	0.000637	0.000609	0.000734	0.001015	0.000668	0.001027	0.000845	0.001227	0.001202	0.001439	0.001533	0.001524	0.001782	0.002324	0.002017	0.002246	0.002536	0.003001	0.002714	0.003375	0.003294	0.003667	0.004141	0.005202	0.004862	0.005773	0.004919	0.007879	0.005884	0.007598	0.008289	0.007706	0.011583	0.011567	0.013306	0.013701	0.014003	0.018116	0.02142	0.023742	0.02326	0.026242	0.029224	0.034902	0.041079	0.041204	0.049012	0.054656	0.062163	0.071003	0.084501	0.097283	0.103101	0.122078	0.133243	0.166357	0.174658	0.204069	0.232714	0.258183	0.300726	0.329301	0.370109	0.354165	0.385402	0.502474
0.004671	0.000519	0.000425	0.000284	0.000217	0.000036	0.000105	0.000138	0.000035	0.00012	0.000207	0.000102	0.000199	0.000199	0.000131	0.000415	0.000406	0.000565	0.000424	0.000299	0.000443	0.000205	0.000619	0.000349	0.000319	0.000401	0.000437	0.000149	0.000279	0.000335	0.000369	0.000682	0.000449	0.000463	0.000808	0.000763	0.000661	0.000892	0.001035	0.00072	0.00102	0.001054	0.001041	0.001492	0.001697	0.001175	0.001383	0.00126	0.001881	0.001797	0.002125	0.002323	0.002982	0.002594	0.002838	0.003742	0.004345	0.004672	0.004194	0.004101	0.004769	0.004621	0.007099	0.006767	0.008143	0.008795	0.009159	0.010723	0.011842	0.013161	0.012467	0.014515	0.017728	0.019109	0.021627	0.023418	0.026937	0.026701	0.031768	0.034848	0.038314	0.044374	0.056492	0.063225	0.068747	0.084264	0.095384	0.112552	0.114141	0.132194	0.157795	0.176587	0.193282	0.218008	0.236949	0.275852	0.290026	0.345855	0.365112	0.354439	0.512998
0.003834	0.000596	0.000346	0.000106	0.000142	0.000144	0.000108	0.000105	0.000103	0.00014	0.000034	0.000034	0.000101	0.000133	0.000299	0.000423	0.00035	0.000217	0.000538	0.000589	0.000598	0.000447	0.000278	0.000175	0.000424	0.000394	0.000146	0.000436	0.000388	0.000587	0.00044	0.00029	0.000356	0.00048	0.000525	0.00066	0.000818	0.000762	0.000723	0.001092	0.001007	0.001048	0.000928	0.001286	0.001164	0.001144	0.001765	0.001582	0.001248	0.001548	0.001769	0.002752	0.002511	0.002771	0.002491	0.00333	0.004386	0.004395	0.004856	0.005937	0.004892	0.005954	0.007099	0.006747	0.007529	0.008096	0.008479	0.011236	0.011199	0.01172	0.013983	0.0163	0.017705	0.019248	0.021208	0.021952	0.023666	0.029972	0.032484	0.03686	0.040601	0.046244	0.054274	0.062724	0.072516	0.076389	0.100553	0.105682	0.124506	0.133982	0.157863	0.177091	0.173179	0.237271	0.261721	0.278514	0.322422	0.358564	0.406498	0.38961	0.466434
0.004448	0.00042	0.000264	0.00038	0.000106	0.000071	0.000214	0.000214	0.000069	0.000102	0.000104	0.000238	0.00017	0.000202	0.000198	0.000297	0.000582	0.000316	0.000281	0.000253	0.00039	0.000367	0.000278	0.000388	0.000176	0.000391	0.000537	0.000509	0.000396	0.000493	0.000469	0.00038	0.000577	0.000531	0.000306	0.000423	0.000594	0.000693	0.000952	0.00081	0.000846	0.001005	0.001324	0.00099	0.00147	0.001525	0.001587	0.001857	0.001722	0.002033	0.002361	0.002529	0.002761	0.003048	0.00344	0.00255	0.003391	0.003792	0.004249	0.00438	0.004751	0.005978	0.00653	0.005741	0.007431	0.007425	0.009064	0.009999	0.010897	0.012667	0.013964	0.014335	0.01667	0.016856	0.022219	0.021016	0.02335	0.025378	0.031062	0.031531	0.039273	0.046067	0.054599	0.06232	0.068961	0.076689	0.09324	0.099424	0.115544	0.147734	0.15469	0.173463	0.192307	0.220741	0.227462	0.259103	0.284706	0.33276	0.348563	0.381442	0.530795
0.004468	0.000484	0.00029	0.000165	0.000052	0.000035	0.000035	0	0.000036	0.000103	0.000068	0.000104	0.000135	0.000169	0.000134	0.000164	0.00036	0.000288	0.000507	0.00031	0.000376	0.000553	0.000235	0.00021	0.000248	0.000319	0.000391	0.000606	0.000325	0.000374	0.000504	0.000268	0.00072	0.000682	0.000563	0.000474	0.000583	0.000809	0.00066	0.000801	0.001167	0.000905	0.001339	0.001231	0.001114	0.001166	0.001858	0.001354	0.001861	0.002302	0.002634	0.001897	0.002418	0.002629	0.002878	0.003299	0.003818	0.003042	0.003558	0.004138	0.0057	0.005339	0.006118	0.005742	0.006302	0.008333	0.007851	0.0106	0.01055	0.010151	0.01299	0.012805	0.015501	0.016648	0.020527	0.02084	0.022178	0.025725	0.029454	0.03325	0.040405	0.041331	0.047956	0.0589	0.069612	0.075768	0.086149	0.096496	0.112763	0.13516	0.153501	0.156726	0.180548	0.195821	0.245143	0.276408	0.271338	0.273194	0.378085	0.364361	0.402712
0.003934	0.000288	0.000162	0.000032	0.000149	0.000103	0.00007	0	0.000036	0.000106	0.000171	0.000034	0.000034	0.000202	0.000067	0.000167	0.000163	0.000487	0.000386	0.000363	0.000584	0.000597	0.000363	0.00051	0.000459	0.000605	0.000568	0.000356	0.000284	0.000538	0.000672	0.0005	0.000677	0.000539	0.000429	0.000596	0.000574	0.00084	0.000714	0.001018	0.000978	0.000957	0.000935	0.001249	0.001355	0.001333	0.001632	0.001322	0.001773	0.002076	0.002099	0.00214	0.002377	0.00263	0.002705	0.003028	0.003709	0.00382	0.004488	0.003603	0.004467	0.005174	0.005929	0.00651	0.008277	0.007961	0.009824	0.011242	0.010608	0.011526	0.012721	0.015112	0.014994	0.01668	0.019652	0.022484	0.023983	0.024661	0.030482	0.034324	0.040209	0.045119	0.052745	0.062101	0.062847	0.081116	0.095442	0.101392	0.116833	0.141678	0.158101	0.187591	0.205453	0.230834	0.24878	0.273749	0.289352	0.346166	0.331481	0.417502	0.488995
0.003831	0.00039	0.000353	0.000065	0.000097	0.000132	0.000069	0.00007	0.000035	0.000178	0	0.000068	0.000168	0.000172	0.000167	0.000201	0.000231	0.000517	0.000522	0.000272	0.000533	0.00031	0.000288	0.000301	0.000309	0.000248	0.00025	0.000213	0.000213	0.000212	0.000321	0.000562	0.000501	0.000819	0.00061	0.000572	0.000456	0.000472	0.000614	0.000743	0.000688	0.001155	0.001167	0.001209	0.001221	0.001049	0.001743	0.001855	0.001872	0.002552	0.002057	0.002597	0.002911	0.002158	0.003112	0.002399	0.003142	0.003088	0.004051	0.004179	0.004563	0.005611	0.004483	0.00594	0.006899	0.00756	0.008001	0.008986	0.009761	0.010394	0.013113	0.013198	0.014337	0.016355	0.018513	0.022419	0.025173	0.027735	0.0277	0.031807	0.038182	0.041162	0.050949	0.053843	0.066852	0.079348	0.088095	0.103738	0.115877	0.134453	0.153997	0.179045	0.213363	0.21715	0.246446	0.26646	0.291983	0.327702	0.396019	0.499709	0.492759
0.003852	0.000369	0.000228	0.000128	0.000162	0.000195	0.0001	0.000035	0.000035	0.000035	0.000036	0.000071	0.000102	0.000067	0.000274	0.000332	0.000298	0.000295	0.000324	0.000324	0.000159	0.000346	0.000375	0.000354	0.000201	0.00034	0.00028	0.000141	0.000281	0.000316	0.000384	0.000458	0.00063	0.000498	0.000355	0.000429	0.000606	0.000628	0.000638	0.000932	0.000586	0.000867	0.000946	0.001315	0.001361	0.001313	0.001545	0.001531	0.001521	0.002029	0.002233	0.002213	0.002915	0.003046	0.003117	0.00339	0.003238	0.00254	0.003939	0.004358	0.00453	0.004166	0.006152	0.006556	0.007368	0.006476	0.0079	0.008977	0.009701	0.01096	0.011882	0.014231	0.013927	0.013472	0.017793	0.019778	0.021942	0.025493	0.032006	0.034531	0.038799	0.03699	0.045875	0.053957	0.060144	0.077997	0.081456	0.086832	0.111426	0.133795	0.137604	0.153451	0.184839	0.225514	0.211415	0.24993	0.30206	0.279633	0.354109	0.427819	0.349302
0.005144	0.000509	0.0001	0.000097	0.000096	0	0.000097	0.000099	0.000103	0.000105	0	0	0.000105	0.000203	0.0001	0.000102	0.000098	0.000393	0.000391	0.000192	0.000192	0.000284	0.000282	0.000186	0.000285	0.000392	0.000198	0.000714	0	0.000307	0.000205	0.000205	0.000417	0.000517	0.000421	0.000316	0.000424	0.000846	0.000622	0.0005	0.000957	0.001014	0.000803	0.001148	0.001251	0.001357	0.00128	0.001484	0.001688	0.001676	0.00227	0.002145	0.002515	0.002764	0.00286	0.003054	0.003354	0.003765	0.004408	0.004864	0.004548	0.004807	0.005298	0.006984	0.006826	0.007283	0.007436	0.008271	0.009149	0.010019	0.01269	0.013548	0.015033	0.014191	0.016745	0.02065	0.023148	0.02677	0.028628	0.03602	0.039199	0.044335	0.055363	0.054332	0.063954	0.074001	0.082323	0.101984	0.109576	0.124985	0.153424	0.167795	0.184703	0.209328	0.251564	0.249783	0.309349	0.31901	0.37903	0.400583	0.428253
0.004292	0.000312	0.000201	0.000099	0.000192	0.000095	0.000096	0.000097	0.000099	0	0	0.000104	0.000105	0.000104	0.000202	0.000495	0.000201	0.000291	0.000292	0.000192	0.000283	0.000095	0.000281	0.000367	0.000361	0.000367	0.000283	0.00038	0.000488	0.000296	0.000394	0.000297	0.0004	0.000508	0.000607	0.000414	0.000724	0.000732	0.00073	0.000513	0.000891	0.000569	0.001097	0.000886	0.001228	0.0016	0.001443	0.001823	0.002035	0.001686	0.002135	0.002264	0.002856	0.002602	0.003039	0.003145	0.003344	0.003756	0.003347	0.004085	0.003867	0.005456	0.004932	0.005304	0.006524	0.006859	0.007334	0.007623	0.011804	0.011023	0.012557	0.012519	0.012473	0.016545	0.019466	0.02108	0.021763	0.027061	0.031462	0.033186	0.037381	0.044912	0.054834	0.056104	0.066211	0.073537	0.083444	0.094908	0.103797	0.125438	0.151387	0.169695	0.183256	0.216953	0.254621	0.276408	0.302433	0.339571	0.386505	0.381095	0.472327
0.003436	0.000104	0.000205	0	0	0.000095	0.000094	0.000096	0.000096	0.000196	0	0.000103	0.000103	0.000104	0.000205	0.000099	0.000194	0.000296	0.000192	0.000287	0.000379	0.000372	0.000187	0.000273	0.000443	0.000261	0.00044	0.000449	0.000181	0.00056	0.000568	0.000379	0.000479	0.000388	0.000496	0.000396	0.000608	0.000711	0.000616	0.000616	0.000911	0.000684	0.001125	0.001179	0.001143	0.001394	0.001239	0.001616	0.001543	0.001846	0.002335	0.002033	0.001988	0.002937	0.003046	0.003497	0.003423	0.003436	0.003953	0.004073	0.004837	0.004965	0.004894	0.005169	0.00641	0.005932	0.006779	0.009172	0.009107	0.011004	0.009969	0.011754	0.014665	0.01474	0.017052	0.018914	0.019903	0.025671	0.027159	0.031486	0.037604	0.039867	0.047153	0.053729	0.060695	0.071601	0.079378	0.091981	0.109101	0.122503	0.142191	0.163409	0.191108	0.18932	0.212951	0.268771	0.357021	0.263729	0.346925	0.4016	0.450082
0.003697	0.000413	0	0.000101	0	0.000096	0.000094	0.000093	0.000095	0.000095	0	0	0	0.000102	0.000102	0.000403	0.000097	0.000383	0.000293	0.000379	0.000378	0.000467	0.000459	0.000273	0.000354	0.000343	0.000334	0.000506	0.000343	0.000173	0.000448	0.000456	0.000367	0.000559	0.000568	0.000775	0.000485	0.000596	0.000897	0.000707	0.000607	0.0005	0.000676	0.001023	0.000899	0.001396	0.00156	0.001676	0.001698	0.001447	0.001935	0.002421	0.002581	0.002792	0.002487	0.003222	0.003766	0.003802	0.004118	0.003642	0.004388	0.004517	0.005857	0.006382	0.006596	0.007044	0.008326	0.007973	0.009771	0.010384	0.011281	0.012527	0.014768	0.017288	0.02018	0.020081	0.024373	0.02588	0.029665	0.033907	0.037334	0.04585	0.048974	0.056277	0.063783	0.075462	0.080967	0.097923	0.11494	0.127592	0.150784	0.160022	0.188499	0.208319	0.238847	0.265586	0.336331	0.316806	0.3592	0.387967	0.391937
0.003597	0.000408	0.000305	0	0.000198	0	0.000095	0.000093	0.000093	0.000094	0.000094	0.000096	0.000199	0.000101	0.000201	0.000302	0.000296	0.000287	0.000285	0.000193	0.000281	0.000375	0.00037	0.00036	0.000268	0.000345	0.000332	0.000323	0.00057	0.000331	0.000167	0.000608	0.000443	0.000537	0.000637	0.000462	0.000664	0.00076	0.000879	0.000884	0.000696	0.0006	0.000989	0.00115	0.001107	0.001072	0.001215	0.001556	0.001582	0.001694	0.002076	0.002117	0.002697	0.00239	0.002788	0.003194	0.002951	0.0034	0.003993	0.004704	0.004554	0.004394	0.005059	0.006968	0.006285	0.006739	0.007203	0.008518	0.009702	0.010407	0.009983	0.013086	0.013788	0.016397	0.017084	0.018877	0.021113	0.024406	0.027478	0.030893	0.03802	0.041583	0.046876	0.050585	0.06127	0.067914	0.083377	0.091972	0.105397	0.118676	0.147612	0.163123	0.177211	0.226176	0.226426	0.246212	0.317384	0.285847	0.340017	0.321476	0.446596
0.004342	0.000409	0.000201	0.0001	0.000197	0.000097	0.000094	0	0.000092	0.000092	0	0.000093	0.00019	0.000197	0.0002	0.000297	0.000297	0.000293	0.00019	0.000376	0.000191	0.000372	0.000556	0.000363	0.000177	0.000261	0.000333	0.00032	0.000313	0.000394	0.000482	0.000488	0.000339	0.000521	0.000526	0.000446	0.000453	0.000372	0.000653	0.00048	0.000967	0.000981	0.001186	0.001175	0.000855	0.001556	0.001598	0.001384	0.001722	0.001929	0.002222	0.002162	0.002481	0.002504	0.002846	0.00305	0.002834	0.003747	0.003761	0.0037	0.004399	0.004642	0.004798	0.005796	0.006735	0.006284	0.008878	0.007469	0.008556	0.010285	0.009964	0.011664	0.014613	0.014909	0.016988	0.019251	0.022217	0.020982	0.027658	0.029854	0.036132	0.039023	0.046413	0.052977	0.061123	0.068582	0.087017	0.095147	0.111043	0.121999	0.141506	0.159255	0.181851	0.211102	0.240671	0.252843	0.314929	0.357011	0.360084	0.369897	0.469865
0.003195	0.000412	0.000101	0.000099	0.000098	0.000097	0.000096	0	0	0	0.000182	0.000092	0.000092	0.000094	0.000097	0.000099	0.000489	0.000392	0.000194	0.000378	0.000374	0.000475	0.000276	0.000366	0.000357	0.000432	0.000169	0.000243	0.000312	0.000457	0.000384	0.000236	0.000399	0.0005	0.000427	0.000776	0.000614	0.000446	0.000458	0.000644	0.000569	0.00086	0.000875	0.000979	0.000971	0.001038	0.001093	0.001591	0.001465	0.001632	0.002272	0.002038	0.002425	0.002659	0.002313	0.002746	0.003669	0.003617	0.003382	0.005398	0.00416	0.004972	0.005328	0.004574	0.005667	0.006282	0.00742	0.007945	0.00835	0.010106	0.010217	0.011616	0.01243	0.014348	0.014295	0.017409	0.018249	0.022826	0.026506	0.025457	0.033299	0.034344	0.039125	0.054478	0.054825	0.060513	0.076962	0.085468	0.095883	0.11392	0.126823	0.140829	0.16077	0.183805	0.195252	0.256514	0.271531	0.285011	0.302752	0.376686	0.414351
0.003726	0.000412	0.000307	0.000201	0.000197	0.000098	0	0.000096	0.000093	0.000092	0	0.00009	0.000092	0.000184	0.000281	0.000291	0.000294	0.00039	0.000294	0.000388	0.000473	0.000373	0.000379	0.000275	0.000273	0.000443	0.000257	0.000419	0.00032	0.000232	0.000302	0.000381	0.000312	0.000317	0.000414	0.000594	0.0006	0.000698	0.00071	0.000547	0.000641	0.001038	0.001048	0.001066	0.001172	0.00126	0.001224	0.001637	0.00106	0.001637	0.001717	0.001835	0.00257	0.002787	0.002843	0.002962	0.002839	0.004119	0.003092	0.003921	0.004306	0.004928	0.005469	0.005947	0.006356	0.006758	0.006637	0.008038	0.008114	0.009273	0.010192	0.012931	0.014021	0.013262	0.015818	0.017393	0.021457	0.024058	0.02461	0.02845	0.032243	0.041379	0.046196	0.054259	0.056493	0.067268	0.08028	0.08542	0.104696	0.11235	0.13095	0.15725	0.174826	0.196725	0.209569	0.267908	0.274715	0.296869	0.347671	0.368898	0.393491
