0.028362	0.003026	0.001814	0.001298	0.001152	0.001008	0.000991	0.000891	0.000723	0.000836	0.000892	0.000578	0.000519	0.000839	0.000975	0.000788	0.001199	0.001288	0.001743	0.001886	0.001825	0.002329	0.002169	0.001735	0.002256	0.001615	0.001667	0.001686	0.001643	0.001566	0.00187	0.001592	0.001865	0.001949	0.00211	0.002196	0.002588	0.002459	0.002719	0.002704	0.003376	0.003379	0.004224	0.004283	0.004688	0.005826	0.005918	0.006289	0.006731	0.007707	0.009616	0.009145	0.010307	0.012024	0.013887	0.013621	0.015748	0.017384	0.01953	0.02083	0.022857	0.02382	0.027521	0.032023	0.032912	0.039366	0.036985	0.038774	0.048282	0.050267	0.054456	0.052985	0.064973	0.07551	0.087718	0.085588	0.092432	0.092639	0.121005	0.120575	0.131147	0.117896	0.150138	0.162375	0.186583	0.198261	0.235571	0.22962	0.243845	0.280299	0.259135	0.262475	0.31069	0.302117	0.369606	0.342307	0.415673	0.435063	0.622432	0.53086	0.808708
0.028315	0.003337	0.001792	0.001303	0.001125	0.000821	0.000906	0.000834	0.000767	0.000743	0.000718	0.000496	0.000734	0.00096	0.000948	0.001193	0.001393	0.001812	0.001991	0.002085	0.002146	0.002237	0.00218	0.002354	0.002228	0.002165	0.001775	0.001588	0.001822	0.001795	0.002038	0.001694	0.001948	0.001886	0.002092	0.002118	0.002651	0.002491	0.002923	0.00335	0.003447	0.003512	0.004293	0.004177	0.00451	0.005305	0.005287	0.006625	0.007187	0.00863	0.009331	0.009927	0.01076	0.01251	0.013867	0.014761	0.017492	0.018524	0.020432	0.021217	0.022838	0.024887	0.029958	0.032549	0.035122	0.039609	0.036956	0.046015	0.048163	0.04908	0.0544	0.056388	0.067324	0.073821	0.082107	0.094366	0.09944	0.095602	0.110807	0.12283	0.121495	0.132414	0.146598	0.168865	0.193161	0.201983	0.224358	0.25126	0.239362	0.27247	0.303424	0.325015	0.368593	0.396486	0.338739	0.302975	0.541326	0.395534	0.607102	0.418864	0.565757
0.027908	0.00278	0.001793	0.00127	0.000993	0.000807	0.00072	0.0007	0.000748	0.000483	0.000662	0.000544	0.000586	0.000646	0.00077	0.00099	0.001162	0.001657	0.001871	0.002133	0.001969	0.002341	0.002272	0.001707	0.001883	0.001868	0.001994	0.002	0.001675	0.001726	0.001526	0.001997	0.001984	0.001775	0.002115	0.002535	0.002021	0.002491	0.00275	0.003322	0.003087	0.003424	0.004297	0.004102	0.004418	0.005432	0.005861	0.006664	0.00747	0.007949	0.008237	0.010419	0.012819	0.011168	0.013674	0.013084	0.017434	0.016208	0.020423	0.022821	0.024003	0.022513	0.029823	0.031596	0.035676	0.036332	0.039419	0.04573	0.047909	0.052076	0.052554	0.055702	0.069692	0.073971	0.076029	0.084443	0.097777	0.097994	0.110057	0.119394	0.122358	0.127829	0.158197	0.149718	0.191394	0.181448	0.218946	0.217981	0.263301	0.260004	0.277399	0.268225	0.332551	0.35113	0.36427	0.443499	0.574776	0.367979	0.453882	0.408719	0.410275
0.026321	0.002703	0.00176	0.001301	0.001026	0.000808	0.000935	0.000634	0.000779	0.000652	0.000656	0.000572	0.000615	0.000628	0.000977	0.001138	0.001113	0.001509	0.001708	0.002183	0.001857	0.001982	0.002134	0.001548	0.001918	0.001555	0.00155	0.001682	0.001748	0.001738	0.001615	0.001538	0.001744	0.001705	0.002247	0.002152	0.002002	0.002236	0.002976	0.003058	0.003033	0.002656	0.004354	0.004314	0.004342	0.004896	0.005115	0.005777	0.007121	0.007879	0.008267	0.008339	0.011282	0.013342	0.012121	0.012548	0.015466	0.016594	0.019213	0.022506	0.023946	0.02204	0.026328	0.029826	0.034179	0.03765	0.034012	0.042452	0.044567	0.047586	0.054003	0.054017	0.066171	0.074405	0.077076	0.083988	0.093961	0.090835	0.109262	0.110183	0.118904	0.117519	0.138436	0.170025	0.177184	0.188807	0.226809	0.223464	0.227641	0.278779	0.293546	0.203735	0.257821	0.410482	0.338348	0.446216	0.442251	0.4088	0.441306	0.401237	0.367329
0.025585	0.002893	0.001825	0.001362	0.000939	0.000744	0.000739	0.000752	0.00045	0.000531	0.000532	0.000421	0.00061	0.000744	0.00081	0.001096	0.000918	0.001528	0.001931	0.001807	0.001698	0.002042	0.001822	0.001646	0.001933	0.001633	0.001671	0.001679	0.001852	0.001718	0.001752	0.001523	0.002038	0.001828	0.001883	0.00227	0.002048	0.002525	0.002425	0.002362	0.003392	0.002998	0.003792	0.004001	0.004379	0.004564	0.004986	0.005796	0.00714	0.007574	0.007879	0.008413	0.009706	0.012816	0.013863	0.012546	0.014669	0.01625	0.020511	0.021109	0.021601	0.022986	0.026301	0.029161	0.032347	0.036429	0.03613	0.039414	0.046289	0.04852	0.055397	0.054666	0.0664	0.072655	0.083794	0.088346	0.095736	0.099855	0.115749	0.121609	0.120331	0.114616	0.144714	0.157177	0.189135	0.184861	0.219688	0.233898	0.271434	0.277941	0.281336	0.266835	0.326306	0.328793	0.331414	0.356544	0.447638	0.533714	0.448221	0.309917	0.400342
0.025331	0.00265	0.001721	0.001193	0.000895	0.000622	0.000684	0.000609	0.000612	0.000412	0.000466	0.000691	0.000538	0.000604	0.000678	0.000956	0.001413	0.001412	0.002066	0.001958	0.001659	0.002117	0.001707	0.001514	0.001548	0.001699	0.001648	0.001526	0.001796	0.001654	0.001749	0.001799	0.001961	0.001619	0.001973	0.001953	0.002174	0.0021	0.002591	0.002596	0.002792	0.002983	0.00395	0.003747	0.004138	0.004521	0.005249	0.00575	0.006927	0.007705	0.009312	0.008029	0.009899	0.011058	0.013295	0.014108	0.016224	0.015735	0.018758	0.019428	0.021077	0.022736	0.026013	0.030395	0.031801	0.037885	0.035847	0.04366	0.048095	0.048955	0.054422	0.055585	0.066464	0.070426	0.081116	0.080698	0.092926	0.091027	0.10886	0.120039	0.124564	0.121065	0.147658	0.15183	0.182569	0.198474	0.202875	0.222532	0.244335	0.276213	0.286608	0.249832	0.299029	0.369214	0.413075	0.373131	0.379594	0.380889	0.372049	0.322863	0.614751
0.024276	0.002405	0.001373	0.001024	0.000895	0.000657	0.000485	0.000636	0.000492	0.000525	0.000473	0.000533	0.000622	0.000493	0.00071	0.000904	0.000991	0.001469	0.001324	0.001689	0.002015	0.001698	0.001869	0.001728	0.001948	0.001677	0.00147	0.00166	0.001801	0.001401	0.001695	0.001753	0.002001	0.001622	0.002089	0.002006	0.001934	0.002372	0.00262	0.002764	0.003195	0.003333	0.004203	0.003561	0.004107	0.005164	0.004844	0.005918	0.006539	0.007545	0.00748	0.009555	0.010896	0.010863	0.011816	0.013664	0.016219	0.015755	0.019457	0.020484	0.023536	0.023153	0.028001	0.031575	0.032605	0.036679	0.036683	0.039224	0.048097	0.050641	0.054613	0.055703	0.068793	0.075664	0.082716	0.089084	0.10017	0.095908	0.11414	0.119129	0.13483	0.138056	0.152037	0.166739	0.197232	0.208374	0.241638	0.250082	0.255572	0.267159	0.286719	0.288165	0.360335	0.369199	0.36886	0.454611	0.476956	0.455327	0.5085	0.635449	0.712293
0.024719	0.002523	0.001555	0.000996	0.000909	0.000615	0.0008	0.000411	0.000548	0.000538	0.00051	0.000513	0.000481	0.000605	0.000648	0.001036	0.001099	0.001355	0.001917	0.001911	0.001994	0.002152	0.001708	0.001548	0.001536	0.001593	0.001856	0.001444	0.001877	0.001545	0.001827	0.002039	0.002122	0.001985	0.002015	0.001709	0.002204	0.002528	0.002741	0.002689	0.003121	0.002764	0.003807	0.003845	0.003945	0.004912	0.005371	0.005493	0.006457	0.007415	0.008437	0.008958	0.0103	0.010962	0.011915	0.013181	0.016906	0.018756	0.017398	0.019005	0.020378	0.022767	0.027978	0.029548	0.033393	0.036387	0.035659	0.042405	0.046223	0.049976	0.052155	0.052541	0.062362	0.07576	0.083738	0.083554	0.092964	0.093174	0.110601	0.113921	0.11975	0.112482	0.131653	0.161808	0.172295	0.186742	0.206289	0.224741	0.237554	0.269225	0.278743	0.2727	0.338598	0.329642	0.346482	0.397807	0.484738	0.41833	0.548996	0.149701	0.742153
0.023249	0.002151	0.001544	0.00082	0.000691	0.000528	0.000533	0.000637	0.000606	0.000564	0.000483	0.000417	0.000531	0.000572	0.000442	0.00067	0.000988	0.001446	0.001754	0.001786	0.001946	0.002373	0.001858	0.001875	0.00162	0.001607	0.001408	0.00196	0.001281	0.001494	0.001757	0.001328	0.001809	0.001766	0.001922	0.002136	0.002167	0.002352	0.002491	0.002352	0.002683	0.002792	0.004309	0.003368	0.003507	0.004811	0.005316	0.006399	0.006087	0.007556	0.008388	0.007881	0.010184	0.011269	0.012657	0.011935	0.0132	0.016444	0.020063	0.020266	0.021252	0.021438	0.026032	0.029485	0.033231	0.035975	0.035749	0.042507	0.044026	0.046693	0.051748	0.050947	0.061007	0.068776	0.07897	0.080471	0.089192	0.086804	0.106609	0.110055	0.118566	0.111793	0.14551	0.145766	0.163652	0.182867	0.200064	0.20357	0.248599	0.256643	0.255709	0.281206	0.305078	0.3529	0.403726	0.400857	0.377347	0.337325	0.484678	0.480105	0.432425
0.024573	0.002256	0.00127	0.001013	0.000728	0.000705	0.000695	0.0005	0.000564	0.000443	0.00044	0.000509	0.000453	0.000452	0.000602	0.001036	0.000888	0.001415	0.002066	0.001945	0.001931	0.001923	0.001537	0.00149	0.001517	0.001467	0.001443	0.001446	0.001356	0.001444	0.001652	0.001629	0.001946	0.002015	0.002086	0.002016	0.0021	0.002545	0.002488	0.003098	0.003042	0.002958	0.004502	0.003697	0.003717	0.004957	0.005219	0.005952	0.006892	0.006988	0.007528	0.008001	0.010299	0.011927	0.012261	0.012915	0.014443	0.016514	0.021439	0.02373	0.020622	0.021659	0.026957	0.029489	0.033149	0.039011	0.038476	0.042432	0.047959	0.052334	0.05397	0.054128	0.065792	0.072049	0.082126	0.08878	0.092129	0.097178	0.116538	0.126513	0.116663	0.124843	0.133903	0.158129	0.185211	0.175619	0.204966	0.227265	0.247003	0.259077	0.281797	0.309132	0.277751	0.357192	0.336608	0.468752	0.443525	0.507058	0.554222	0.42192	0.462939
0.022795	0.001928	0.001214	0.000962	0.000563	0.00061	0.000699	0.00052	0.000496	0.000434	0.000391	0.000515	0.000505	0.000616	0.00048	0.000829	0.001079	0.001114	0.001705	0.00191	0.001948	0.001546	0.001469	0.001311	0.00162	0.001299	0.001616	0.001474	0.001424	0.001668	0.001455	0.001533	0.001475	0.002086	0.002003	0.002026	0.002006	0.002025	0.002239	0.002609	0.002907	0.00281	0.004478	0.003969	0.003982	0.004536	0.004832	0.005755	0.006412	0.007593	0.008491	0.00892	0.009815	0.010532	0.012601	0.012343	0.015244	0.016641	0.01828	0.021542	0.023943	0.021532	0.025539	0.028988	0.033634	0.037448	0.036923	0.04223	0.045017	0.049739	0.05357	0.054699	0.066047	0.068496	0.077381	0.081082	0.092661	0.09087	0.10471	0.111552	0.117484	0.11696	0.140502	0.150493	0.183882	0.178893	0.207595	0.212435	0.213749	0.242856	0.290187	0.274588	0.3406	0.425818	0.324264	0.381034	0.517632	0.444743	0.526412	0.473978	0.574589
0.022602	0.00192	0.001138	0.000897	0.000802	0.000403	0.000457	0.000647	0.00046	0.000464	0.000431	0.000418	0.000542	0.000627	0.000631	0.000765	0.000881	0.001227	0.001496	0.001879	0.001521	0.001827	0.001582	0.001767	0.00136	0.001342	0.001648	0.001367	0.001484	0.001451	0.00176	0.001338	0.001613	0.00172	0.002025	0.001871	0.001893	0.002189	0.002829	0.002719	0.003347	0.003333	0.004258	0.003986	0.004172	0.004894	0.005554	0.005831	0.006244	0.007037	0.008603	0.008649	0.00948	0.010548	0.012679	0.013266	0.014282	0.015916	0.018035	0.019971	0.023393	0.025365	0.02608	0.027166	0.029735	0.034704	0.036145	0.042802	0.043579	0.050154	0.0532	0.05369	0.061164	0.071614	0.078457	0.079506	0.088749	0.093855	0.102175	0.112597	0.120767	0.115308	0.138413	0.150018	0.175088	0.183069	0.199155	0.206618	0.234773	0.250013	0.272862	0.302694	0.3088	0.32068	0.384619	0.349388	0.452833	0.434204	0.418492	0.521031	0.491318
0.023227	0.001591	0.001226	0.000854	0.000618	0.000592	0.000574	0.000464	0.000569	0.000476	0.000367	0.000353	0.000522	0.000421	0.000567	0.00057	0.000941	0.001332	0.001477	0.001536	0.00168	0.001739	0.001756	0.001696	0.001599	0.001177	0.001545	0.001618	0.001755	0.001401	0.001626	0.001549	0.001805	0.001607	0.001881	0.002086	0.002144	0.002167	0.002495	0.002877	0.002882	0.003159	0.003728	0.004361	0.003982	0.005193	0.005281	0.006462	0.007294	0.007285	0.008243	0.00925	0.010327	0.01037	0.012626	0.013523	0.015706	0.017358	0.018701	0.01969	0.021817	0.024544	0.028665	0.027381	0.032241	0.034901	0.036343	0.04275	0.047921	0.047741	0.054718	0.051664	0.06357	0.073021	0.082156	0.079578	0.091673	0.0963	0.111571	0.112393	0.117427	0.123913	0.148297	0.143599	0.177856	0.188315	0.219565	0.221342	0.260035	0.25418	0.266018	0.285057	0.350208	0.337408	0.410176	0.354283	0.508724	0.355613	0.54219	0.470531	0.357786
0.022145	0.001575	0.000929	0.000741	0.000692	0.000544	0.000677	0.000498	0.000396	0.000371	0.000482	0.000422	0.000521	0.000423	0.000673	0.000688	0.001038	0.001167	0.001544	0.001572	0.001639	0.001688	0.00161	0.001636	0.001543	0.001663	0.001358	0.001272	0.001487	0.001506	0.001507	0.001617	0.001756	0.001652	0.001741	0.001837	0.001978	0.00239	0.00249	0.002938	0.002578	0.003148	0.003694	0.004376	0.00408	0.005251	0.005909	0.005617	0.007266	0.007724	0.007973	0.008116	0.010747	0.011503	0.013013	0.013001	0.01549	0.015906	0.017971	0.021377	0.021343	0.023377	0.029846	0.03256	0.032117	0.037338	0.035587	0.042564	0.047644	0.051566	0.054055	0.052419	0.065065	0.072054	0.075732	0.085824	0.092848	0.092121	0.109914	0.118868	0.112722	0.124432	0.139192	0.16029	0.166869	0.185027	0.203083	0.229983	0.242355	0.2281	0.272914	0.287554	0.281609	0.368212	0.30886	0.409456	0.444453	0.456092	0.594482	0.518981	0.370767
0.021008	0.001823	0.001001	0.000822	0.000709	0.000712	0.000565	0.000398	0.000413	0.000512	0.000414	0.000461	0.000493	0.000669	0.00066	0.000582	0.00096	0.001193	0.00166	0.001706	0.002035	0.001717	0.001647	0.001657	0.001611	0.001339	0.001362	0.001394	0.001284	0.001226	0.001667	0.001898	0.001659	0.001996	0.001887	0.00191	0.002431	0.002209	0.002319	0.003033	0.003047	0.00376	0.004054	0.004634	0.00464	0.004858	0.005795	0.006405	0.006766	0.007353	0.008451	0.008974	0.010074	0.011675	0.014168	0.013125	0.015964	0.016655	0.020304	0.022185	0.024709	0.023361	0.027839	0.033887	0.038079	0.035714	0.036609	0.041763	0.049348	0.053265	0.059901	0.057077	0.067194	0.07455	0.084409	0.08555	0.097337	0.096361	0.114869	0.117009	0.121549	0.135057	0.152499	0.157117	0.189564	0.191713	0.21404	0.247643	0.24312	0.26604	0.296892	0.289066	0.282111	0.333869	0.41318	0.40018	0.540877	0.491054	0.624937	0.327253	0.237295
0.021086	0.001789	0.001014	0.000834	0.000648	0.000442	0.000492	0.00049	0.000341	0.000356	0.000443	0.000419	0.000548	0.000526	0.000664	0.000712	0.000914	0.001467	0.00204	0.001796	0.001828	0.001729	0.001784	0.001533	0.0016	0.001616	0.001631	0.001219	0.001616	0.001601	0.001598	0.001319	0.001563	0.001781	0.002032	0.002168	0.002161	0.002428	0.00303	0.002814	0.002985	0.003466	0.004044	0.004135	0.004334	0.005084	0.005507	0.005727	0.006641	0.007565	0.008693	0.009157	0.011072	0.012169	0.013754	0.013563	0.014011	0.017121	0.018639	0.021188	0.021741	0.024493	0.027766	0.029986	0.035012	0.042308	0.034996	0.043012	0.044854	0.053269	0.054755	0.0587	0.069147	0.073155	0.078811	0.087233	0.094071	0.095452	0.110078	0.122013	0.119171	0.119641	0.1378	0.147779	0.177735	0.192291	0.21227	0.241315	0.246656	0.247029	0.281545	0.293014	0.323133	0.316717	0.335243	0.331356	0.369506	0.380018	0.555473	0.473034	0.669083
0.020669	0.001851	0.001001	0.000877	0.000653	0.000502	0.000511	0.000427	0.000408	0.000423	0.000378	0.000376	0.000505	0.00047	0.000613	0.000724	0.000951	0.001533	0.001614	0.002162	0.001894	0.001798	0.001907	0.001325	0.001478	0.001541	0.001442	0.001446	0.00133	0.001607	0.001362	0.001661	0.00174	0.001741	0.001666	0.002351	0.002542	0.002358	0.002493	0.003059	0.003195	0.003264	0.004148	0.004251	0.004073	0.005157	0.005062	0.005589	0.006746	0.007603	0.008284	0.009136	0.010516	0.011392	0.012628	0.013653	0.015601	0.016191	0.019491	0.020979	0.022496	0.024655	0.028872	0.032153	0.03396	0.041573	0.042027	0.041985	0.045976	0.050516	0.055627	0.061234	0.067723	0.077961	0.079685	0.092391	0.098058	0.095668	0.113524	0.121262	0.131987	0.127459	0.147709	0.166212	0.177668	0.19076	0.21515	0.219772	0.249893	0.258343	0.265645	0.283735	0.332612	0.376007	0.375532	0.440024	0.484992	0.389276	0.535608	0.690082	0.623773
0.020683	0.001671	0.001042	0.000766	0.000511	0.000471	0.000465	0.000473	0.000481	0.000455	0.000377	0.000279	0.000373	0.000484	0.000548	0.000674	0.000869	0.001264	0.00168	0.002015	0.002077	0.00191	0.001573	0.001518	0.001569	0.001426	0.001316	0.001315	0.001629	0.001548	0.001444	0.001385	0.001362	0.001623	0.00207	0.001892	0.002185	0.001969	0.002563	0.002502	0.00307	0.003223	0.004061	0.004221	0.004785	0.004832	0.005554	0.006503	0.00711	0.008147	0.008222	0.008013	0.010446	0.012165	0.011752	0.013174	0.015887	0.018189	0.018801	0.021539	0.02192	0.024131	0.028582	0.031268	0.032249	0.035429	0.040223	0.048956	0.046687	0.048818	0.051676	0.055915	0.069808	0.076182	0.082652	0.085854	0.092787	0.098146	0.106796	0.116888	0.118544	0.130195	0.14485	0.155602	0.165683	0.168729	0.202636	0.228481	0.226371	0.243223	0.259117	0.251363	0.291906	0.290385	0.393937	0.438305	0.40508	0.389268	0.53991	0.643969	0.531982
0.020495	0.00139	0.001049	0.000725	0.000593	0.000667	0.000404	0.000437	0.000429	0.000411	0.000401	0.000442	0.000528	0.000451	0.000625	0.000663	0.000926	0.001611	0.002092	0.001985	0.001853	0.002178	0.001859	0.001662	0.001378	0.001516	0.001398	0.001617	0.001468	0.001416	0.001554	0.001425	0.001393	0.001937	0.00191	0.001815	0.002124	0.002422	0.002618	0.002633	0.003162	0.003352	0.003608	0.004121	0.0047	0.005053	0.005105	0.006549	0.006935	0.007454	0.007511	0.009142	0.010769	0.012433	0.013547	0.013433	0.015137	0.01725	0.020773	0.021065	0.023348	0.025135	0.028461	0.032285	0.036451	0.037252	0.036899	0.047745	0.05183	0.048823	0.05773	0.057926	0.071821	0.077071	0.082888	0.093761	0.094765	0.097568	0.117905	0.126994	0.129235	0.134794	0.154137	0.163925	0.196291	0.21247	0.22006	0.231973	0.260689	0.26596	0.292394	0.298877	0.30782	0.35597	0.41155	0.434985	0.39308	0.50895	0.547893	0.496249	0.426439
0.0213	0.001674	0.000763	0.000659	0.000674	0.000546	0.000548	0.000399	0.00037	0.000417	0.000366	0.000397	0.000505	0.000583	0.00058	0.00065	0.000751	0.001564	0.001652	0.002079	0.001936	0.001859	0.001796	0.001371	0.00144	0.001418	0.001114	0.001564	0.001599	0.001504	0.001271	0.001609	0.001753	0.001665	0.002063	0.001986	0.002078	0.002258	0.002513	0.002859	0.002897	0.003218	0.004162	0.003997	0.004676	0.004905	0.005392	0.00651	0.007199	0.008695	0.007951	0.00883	0.009534	0.011236	0.013516	0.013579	0.015215	0.015989	0.019591	0.021908	0.022866	0.023531	0.027787	0.029729	0.033771	0.036616	0.035584	0.042898	0.052255	0.056884	0.054876	0.056722	0.064685	0.072566	0.079988	0.086028	0.097591	0.095284	0.116338	0.120124	0.124625	0.117401	0.13544	0.155343	0.165675	0.178067	0.198727	0.217472	0.2227	0.264888	0.24603	0.291458	0.240312	0.33585	0.344445	0.359018	0.406655	0.505688	0.722913	0.640797	0.625195
0.021564	0.001604	0.001072	0.00093	0.000664	0.000456	0.000585	0.000524	0.000455	0.000426	0.000394	0.000336	0.000366	0.000365	0.000534	0.000835	0.00112	0.001587	0.002086	0.001987	0.002093	0.002185	0.001772	0.001842	0.001576	0.001581	0.00133	0.001379	0.001421	0.001496	0.001402	0.001535	0.001623	0.001444	0.001703	0.001997	0.002121	0.002239	0.002496	0.003078	0.002781	0.003188	0.003826	0.004279	0.003917	0.004962	0.005497	0.006145	0.006561	0.008072	0.008795	0.008869	0.010217	0.011764	0.013137	0.013521	0.016325	0.016992	0.019631	0.021301	0.023203	0.023953	0.029021	0.030884	0.033735	0.039241	0.038946	0.045012	0.048429	0.055795	0.060463	0.056189	0.067889	0.075616	0.08171	0.091761	0.106021	0.10164	0.117546	0.122674	0.126651	0.128594	0.152206	0.169523	0.173446	0.191569	0.209299	0.213628	0.243402	0.26535	0.253165	0.308254	0.345698	0.324076	0.318155	0.363249	0.546765	0.399585	0.356886	0.574132	0.32545
0.02005	0.001473	0.000917	0.000718	0.000715	0.000527	0.000568	0.00044	0.000337	0.00037	0.00035	0.000363	0.000416	0.000511	0.000571	0.000769	0.001064	0.001755	0.002056	0.002351	0.002278	0.002043	0.001914	0.001396	0.001605	0.001445	0.00144	0.001313	0.001335	0.001347	0.001542	0.001514	0.001599	0.001217	0.001604	0.002078	0.001985	0.002008	0.002485	0.002602	0.002663	0.002802	0.003231	0.003283	0.004417	0.004567	0.005701	0.00534	0.006628	0.007379	0.007701	0.008718	0.009725	0.010474	0.012872	0.013393	0.014632	0.015917	0.018371	0.019896	0.020567	0.022864	0.026348	0.028131	0.031646	0.035128	0.037529	0.041858	0.043322	0.048411	0.054039	0.059848	0.062221	0.067794	0.075171	0.086863	0.094945	0.093865	0.108221	0.112533	0.117974	0.127137	0.144537	0.157004	0.174541	0.180372	0.216694	0.218642	0.240028	0.262869	0.261503	0.29296	0.301682	0.39594	0.366787	0.38032	0.42815	0.287282	0.442516	0.600658	0.374665
0.019122	0.00145	0.00095	0.000766	0.000581	0.000547	0.000521	0.000489	0.000342	0.000333	0.000351	0.000413	0.000428	0.000318	0.000547	0.000649	0.001155	0.001399	0.002088	0.002147	0.001857	0.00176	0.001676	0.001456	0.001508	0.001203	0.001146	0.001238	0.001263	0.00155	0.001205	0.001367	0.001412	0.001398	0.001637	0.001884	0.001802	0.00206	0.002504	0.002511	0.002492	0.002987	0.003478	0.003805	0.004304	0.004756	0.005491	0.006162	0.006564	0.007156	0.007517	0.007757	0.010593	0.010499	0.012176	0.012885	0.014307	0.015636	0.018203	0.019798	0.020967	0.023856	0.027568	0.028908	0.03254	0.03543	0.033788	0.042016	0.042867	0.04671	0.05001	0.058186	0.069569	0.067535	0.075085	0.082186	0.091576	0.096379	0.111249	0.113992	0.120975	0.120093	0.146342	0.158017	0.166127	0.180633	0.194515	0.211782	0.230438	0.25709	0.288842	0.304042	0.321538	0.301289	0.355787	0.364693	0.455421	0.474475	0.402178	0.430994	0.41316
0.018043	0.001441	0.001042	0.000797	0.000577	0.000515	0.000529	0.000405	0.000327	0.000386	0.000324	0.000446	0.000336	0.00041	0.000403	0.000739	0.001041	0.001428	0.002128	0.002281	0.002087	0.002092	0.001603	0.001574	0.001574	0.001381	0.001369	0.001059	0.001061	0.001507	0.001189	0.001362	0.001627	0.001351	0.001544	0.001579	0.00175	0.001809	0.002255	0.002897	0.002442	0.003003	0.00396	0.003737	0.003962	0.005078	0.005188	0.006108	0.006413	0.00747	0.007739	0.007916	0.010352	0.010569	0.011447	0.011658	0.014068	0.015276	0.017179	0.019897	0.021692	0.021932	0.024902	0.029741	0.031911	0.034861	0.033114	0.039947	0.043766	0.051181	0.046839	0.051101	0.070848	0.071882	0.07222	0.084471	0.086397	0.090522	0.10901	0.119657	0.119085	0.121823	0.140268	0.165585	0.163382	0.177545	0.193924	0.219676	0.222688	0.234277	0.252729	0.253218	0.314184	0.310452	0.321834	0.342112	0.389035	0.492729	0.474792	0.360453	0.540582
0.01848	0.001415	0.0011	0.000734	0.000494	0.000459	0.000387	0.000407	0.000371	0.000349	0.000307	0.0003	0.000378	0.000416	0.000538	0.000752	0.001098	0.00181	0.002195	0.002248	0.002076	0.001893	0.001631	0.001574	0.001462	0.001427	0.00128	0.00131	0.001405	0.001266	0.001411	0.001351	0.001607	0.00136	0.001753	0.001645	0.002093	0.002109	0.002262	0.002481	0.002723	0.0027	0.003103	0.003925	0.004181	0.004304	0.005586	0.00583	0.006973	0.007838	0.008082	0.008422	0.010065	0.010871	0.012379	0.012608	0.014331	0.016209	0.017581	0.019597	0.022077	0.021989	0.025811	0.029518	0.031949	0.035623	0.034063	0.039773	0.042453	0.046471	0.051162	0.053319	0.059797	0.074214	0.079115	0.080279	0.093324	0.096337	0.107695	0.121644	0.125935	0.128133	0.150229	0.153794	0.182938	0.184568	0.223568	0.229907	0.240743	0.265972	0.288618	0.271315	0.334059	0.384549	0.370062	0.362233	0.442581	0.369077	0.575895	0.381303	0.47831
0.015764	0.00112	0.000866	0.00077	0.000584	0.00043	0.000381	0.000362	0.000382	0.000322	0.000332	0.00036	0.000366	0.000369	0.000489	0.000589	0.00107	0.001684	0.002141	0.002324	0.00203	0.001795	0.001685	0.001479	0.001416	0.001648	0.001224	0.001331	0.001327	0.001242	0.001198	0.001331	0.001621	0.001511	0.001535	0.001843	0.001946	0.002133	0.00223	0.002275	0.002618	0.002752	0.003497	0.003718	0.004092	0.004133	0.004922	0.00572	0.00638	0.00734	0.008173	0.007938	0.009792	0.010516	0.011447	0.012654	0.013299	0.015221	0.016474	0.018521	0.020874	0.020842	0.024771	0.025419	0.029143	0.032926	0.03182	0.038255	0.040223	0.044106	0.050575	0.050057	0.057063	0.061928	0.074494	0.078585	0.075571	0.088806	0.096882	0.103285	0.115043	0.117985	0.131081	0.148416	0.164299	0.174258	0.195177	0.205192	0.214844	0.245607	0.265331	0.2429	0.277387	0.323185	0.316516	0.369487	0.379867	0.420656	0.54404	0.540612	0.316059
0.015181	0.001348	0.000794	0.000613	0.000467	0.000537	0.000443	0.000327	0.000307	0.000238	0.000249	0.0003	0.000488	0.000403	0.000486	0.000525	0.001043	0.001561	0.002193	0.002171	0.001903	0.00156	0.001874	0.00157	0.001492	0.001305	0.001231	0.001115	0.001211	0.001241	0.001154	0.001402	0.00146	0.001395	0.001615	0.001658	0.001629	0.002	0.002161	0.002279	0.002327	0.002913	0.003253	0.003932	0.004017	0.004246	0.004671	0.005918	0.005497	0.007403	0.00737	0.008374	0.009216	0.010262	0.010984	0.012288	0.013775	0.01444	0.016622	0.018526	0.01999	0.020796	0.023781	0.026353	0.02921	0.032722	0.033945	0.037445	0.041063	0.046381	0.050336	0.051942	0.058237	0.065443	0.068273	0.083531	0.086676	0.090177	0.105364	0.111707	0.119352	0.120875	0.137783	0.161804	0.16596	0.189782	0.201746	0.209171	0.227241	0.253279	0.266493	0.263113	0.31767	0.342385	0.374474	0.35943	0.37961	0.451245	0.37394	0.465039	0.364692
0.014055	0.001088	0.00076	0.000633	0.000453	0.000436	0.000371	0.000412	0.000326	0.000298	0.000293	0.000304	0.000401	0.000358	0.000588	0.000603	0.00123	0.001446	0.00198	0.002046	0.002138	0.001999	0.001754	0.001642	0.001365	0.001325	0.001446	0.001534	0.001228	0.001246	0.001151	0.001175	0.001458	0.00152	0.001527	0.001434	0.001811	0.001875	0.002198	0.002473	0.002359	0.002488	0.003168	0.00349	0.003974	0.004194	0.005149	0.005198	0.00609	0.006788	0.006807	0.00744	0.008841	0.010271	0.010109	0.011054	0.013223	0.013822	0.014617	0.017233	0.018649	0.019204	0.023592	0.026855	0.025874	0.030043	0.031228	0.036722	0.037557	0.04537	0.045547	0.048994	0.057477	0.06139	0.067187	0.067835	0.084372	0.085975	0.087314	0.102508	0.109294	0.116047	0.12923	0.147927	0.161669	0.157505	0.182641	0.19798	0.203136	0.24645	0.231872	0.241806	0.27069	0.322842	0.340518	0.378715	0.416184	0.357591	0.43454	0.544691	0.716997
0.013755	0.00103	0.000639	0.000583	0.000441	0.000339	0.000312	0.000277	0.000246	0.000287	0.00025	0.000347	0.000335	0.000376	0.000547	0.000715	0.000929	0.0015	0.002011	0.002047	0.001966	0.002064	0.001927	0.001815	0.001484	0.001397	0.001347	0.001573	0.001116	0.001363	0.001226	0.001355	0.001282	0.001486	0.001292	0.001633	0.001607	0.00191	0.002083	0.001944	0.001999	0.002733	0.003123	0.003546	0.003784	0.003867	0.004429	0.004965	0.005348	0.006189	0.006939	0.007322	0.00858	0.008994	0.01035	0.010894	0.01242	0.01383	0.016267	0.016996	0.017814	0.019205	0.022502	0.025947	0.026291	0.028929	0.030379	0.036092	0.040063	0.044225	0.044132	0.047075	0.053615	0.059654	0.068295	0.070018	0.078271	0.085456	0.103455	0.100231	0.1097	0.117035	0.129484	0.138247	0.157823	0.166465	0.175502	0.190915	0.202869	0.221312	0.231969	0.25569	0.240202	0.314082	0.309965	0.361702	0.409566	0.407401	0.373396	0.39303	0.649219
0.012604	0.000973	0.000569	0.000516	0.000506	0.00029	0.000361	0.000383	0.000234	0.000238	0.000331	0.000335	0.000267	0.000397	0.000477	0.000539	0.000909	0.001314	0.001775	0.001877	0.001813	0.001921	0.001746	0.001517	0.001585	0.001554	0.001409	0.001335	0.001349	0.001415	0.001381	0.001303	0.001266	0.001248	0.001418	0.001551	0.001607	0.00177	0.001713	0.002223	0.002088	0.002369	0.00265	0.002982	0.00369	0.004419	0.004505	0.004748	0.005444	0.006126	0.006454	0.007477	0.008488	0.008988	0.010595	0.010685	0.012094	0.013174	0.014454	0.016904	0.017313	0.018119	0.021336	0.022746	0.025427	0.028215	0.02926	0.034045	0.037926	0.042067	0.043833	0.04777	0.054073	0.058059	0.064234	0.070476	0.072337	0.082974	0.089992	0.096114	0.098347	0.112852	0.126698	0.134057	0.148081	0.156944	0.18079	0.188478	0.19295	0.229959	0.244415	0.244311	0.270265	0.288825	0.330076	0.275071	0.322834	0.360682	0.454276	0.515611	0.345785
0.011756	0.001011	0.000596	0.000573	0.000394	0.00034	0.000344	0.000284	0.000288	0.000303	0.000318	0.000247	0.000279	0.000368	0.000363	0.000545	0.000758	0.001488	0.001614	0.001956	0.001742	0.001706	0.001496	0.00135	0.00143	0.001342	0.001372	0.001304	0.001467	0.001152	0.001219	0.00117	0.001054	0.00133	0.001406	0.00149	0.00151	0.001734	0.001789	0.001963	0.002385	0.00203	0.003006	0.003517	0.003142	0.003977	0.004615	0.005015	0.004764	0.006179	0.007132	0.007461	0.00795	0.008582	0.010025	0.011073	0.011345	0.012706	0.014197	0.015945	0.01751	0.017751	0.020429	0.02295	0.025316	0.028067	0.030251	0.03238	0.035781	0.041743	0.043414	0.046634	0.054497	0.057118	0.063024	0.068869	0.075204	0.079639	0.092097	0.102298	0.116419	0.106862	0.127246	0.132316	0.160559	0.160105	0.174202	0.167792	0.193017	0.205726	0.235389	0.246333	0.295567	0.320808	0.302313	0.307358	0.424591	0.369656	0.467528	0.579646	0.520094
0.011854	0.000823	0.000613	0.000667	0.000457	0.000448	0.000345	0.000364	0.000327	0.00025	0.0003	0.000242	0.000349	0.000269	0.000451	0.000518	0.000859	0.001275	0.001827	0.001655	0.001708	0.001647	0.001587	0.001393	0.001467	0.001595	0.001492	0.001313	0.001085	0.001277	0.00099	0.001278	0.001273	0.001247	0.00137	0.001404	0.001411	0.001457	0.001999	0.002054	0.002076	0.002094	0.002616	0.002983	0.003236	0.0036	0.004257	0.004083	0.004957	0.005342	0.006938	0.006727	0.007505	0.008813	0.009255	0.010469	0.011605	0.013221	0.014673	0.015492	0.015989	0.018388	0.020121	0.02246	0.023985	0.027755	0.028363	0.033496	0.034861	0.039933	0.043174	0.047599	0.054493	0.055809	0.062322	0.069663	0.075502	0.079377	0.088745	0.095983	0.109578	0.111073	0.117511	0.137354	0.148312	0.157093	0.174423	0.190971	0.202901	0.212792	0.225696	0.27611	0.295583	0.305709	0.31735	0.365216	0.374216	0.372672	0.399754	0.494937	0.533373
0.011432	0.00096	0.000634	0.000581	0.000423	0.000419	0.000336	0.000374	0.000277	0.000317	0.000304	0.000215	0.000276	0.000435	0.000543	0.000587	0.000827	0.001077	0.001693	0.001876	0.001793	0.001721	0.001494	0.001406	0.001585	0.001329	0.001545	0.001366	0.001358	0.001509	0.001168	0.001253	0.001314	0.001302	0.001387	0.001356	0.001421	0.00142	0.001664	0.001988	0.001986	0.00209	0.002519	0.002846	0.002922	0.003478	0.004169	0.004324	0.005053	0.00554	0.005563	0.006484	0.007408	0.008554	0.009201	0.010085	0.01126	0.012393	0.01441	0.015098	0.014822	0.017891	0.021904	0.022112	0.023829	0.02779	0.028325	0.033809	0.035332	0.04084	0.042021	0.045626	0.053566	0.056046	0.067184	0.068195	0.077131	0.082385	0.093865	0.100672	0.106918	0.11371	0.131974	0.140708	0.152225	0.166065	0.180626	0.193258	0.193401	0.242959	0.274008	0.242592	0.295613	0.32154	0.361703	0.393288	0.39247	0.375203	0.495861	0.476859	0.472813
0.010637	0.000742	0.000685	0.000417	0.000432	0.00032	0.000366	0.000253	0.000308	0.000244	0.000241	0.000211	0.000255	0.000318	0.000396	0.000495	0.000724	0.001228	0.001416	0.001464	0.001501	0.00169	0.001435	0.00151	0.001452	0.001328	0.00136	0.001405	0.001298	0.001306	0.001288	0.0013	0.001129	0.001203	0.001204	0.001218	0.001231	0.001263	0.001636	0.001858	0.001849	0.001999	0.002323	0.002512	0.003008	0.00301	0.003592	0.003382	0.004123	0.005175	0.005717	0.006149	0.007321	0.008086	0.008792	0.010038	0.01078	0.011502	0.013678	0.015199	0.015734	0.016134	0.020486	0.020842	0.023308	0.026326	0.026766	0.031256	0.03237	0.03838	0.036866	0.043199	0.051429	0.053808	0.058273	0.066714	0.069956	0.076954	0.086492	0.093765	0.096326	0.105963	0.125436	0.132428	0.145821	0.152457	0.167599	0.18399	0.191815	0.212632	0.228917	0.242634	0.271261	0.258956	0.325651	0.307197	0.309563	0.406048	0.429697	0.548291	0.533647
0.010762	0.000899	0.000656	0.000457	0.000338	0.000211	0.000301	0.000307	0.000219	0.000165	0.000273	0.000291	0.000279	0.000397	0.000404	0.000432	0.00076	0.001191	0.001316	0.001505	0.001592	0.001599	0.001453	0.001525	0.001359	0.001343	0.001059	0.001148	0.001298	0.001233	0.00145	0.001143	0.00118	0.001517	0.001248	0.001273	0.001141	0.001421	0.001357	0.001909	0.002005	0.002137	0.002292	0.002678	0.002883	0.003151	0.003357	0.003857	0.004501	0.004483	0.005626	0.00547	0.006878	0.007607	0.00848	0.008627	0.010957	0.011924	0.013504	0.0149	0.015819	0.016	0.019323	0.02154	0.022766	0.023483	0.026657	0.030463	0.03062	0.037022	0.039854	0.044521	0.049917	0.054443	0.058803	0.063586	0.071642	0.075603	0.082579	0.09417	0.100013	0.106033	0.116166	0.137683	0.149061	0.150831	0.167984	0.193285	0.18952	0.23258	0.23573	0.237842	0.284061	0.309993	0.294712	0.348019	0.438134	0.38759	0.379209	0.491588	0.421994
0.01107	0.000798	0.0005	0.000587	0.000396	0.000344	0.000318	0.000341	0.000223	0.000202	0.000282	0.00028	0.000282	0.000347	0.000279	0.000481	0.000664	0.001188	0.001661	0.001539	0.001718	0.001566	0.001606	0.001495	0.001653	0.001491	0.001283	0.00133	0.001474	0.00119	0.001198	0.001567	0.001356	0.001385	0.001252	0.001299	0.001428	0.001488	0.001418	0.001484	0.001653	0.001736	0.002451	0.002803	0.002655	0.003071	0.00333	0.003882	0.004067	0.004239	0.005187	0.005525	0.006352	0.007404	0.008171	0.008879	0.009577	0.011529	0.012962	0.013697	0.016074	0.016223	0.018753	0.020178	0.02303	0.026328	0.024401	0.029165	0.032672	0.036039	0.040307	0.042836	0.047768	0.052158	0.057905	0.062355	0.068475	0.074982	0.086097	0.094512	0.102637	0.10856	0.124721	0.141214	0.144017	0.170272	0.172925	0.210973	0.202232	0.235342	0.241932	0.277406	0.294356	0.311756	0.325543	0.329709	0.379829	0.483732	0.457205	0.531473	0.339531
0.010153	0.00072	0.000494	0.000424	0.000412	0.000303	0.000183	0.000191	0.000297	0.000196	0.0002	0.000311	0.000285	0.000337	0.000386	0.000501	0.000729	0.001089	0.00156	0.001589	0.001667	0.001424	0.001505	0.001393	0.001355	0.001327	0.001383	0.001336	0.001349	0.001099	0.001195	0.001161	0.001248	0.001348	0.001411	0.001545	0.001156	0.001669	0.001422	0.001709	0.001724	0.001971	0.002326	0.00258	0.002896	0.002797	0.003368	0.003135	0.00403	0.004337	0.00515	0.005129	0.006356	0.006878	0.007559	0.008267	0.009278	0.011101	0.011936	0.01319	0.014796	0.016381	0.017903	0.019764	0.020933	0.023301	0.026176	0.028839	0.030434	0.034902	0.037021	0.042107	0.04549	0.049738	0.053962	0.060763	0.067498	0.071047	0.080579	0.087434	0.095093	0.101326	0.115863	0.126552	0.138932	0.154248	0.163224	0.176325	0.187441	0.208843	0.23063	0.26192	0.23322	0.290095	0.319053	0.324548	0.353727	0.395419	0.356669	0.412797	0.366065
0.010088	0.000727	0.000617	0.000432	0.000317	0.000264	0.000218	0.000181	0.000238	0.000196	0.000292	0.000246	0.000231	0.000223	0.000342	0.000487	0.000573	0.00108	0.001518	0.001543	0.001503	0.001565	0.001616	0.001421	0.001355	0.001332	0.001293	0.001266	0.001338	0.001412	0.001402	0.001301	0.001143	0.001282	0.001338	0.001464	0.001196	0.001376	0.001465	0.001973	0.001777	0.001849	0.002109	0.002323	0.002489	0.00267	0.003253	0.003492	0.004137	0.00443	0.005259	0.005393	0.006262	0.006605	0.007204	0.008305	0.009585	0.010823	0.011809	0.013342	0.014862	0.015475	0.016674	0.019008	0.02091	0.023031	0.025966	0.028838	0.030558	0.034611	0.038009	0.039969	0.047429	0.050845	0.05699	0.058161	0.066833	0.071779	0.078582	0.092328	0.094903	0.102844	0.114261	0.132128	0.142634	0.154566	0.173929	0.206954	0.197799	0.216649	0.238305	0.24833	0.28037	0.267621	0.342745	0.297906	0.30533	0.41542	0.361788	0.288709	0.543795
0.009388	0.000661	0.000487	0.000316	0.000213	0.000258	0.000301	0.000184	0.000244	0.000154	0.000267	0.0002	0.000267	0.00029	0.000369	0.000438	0.00075	0.001273	0.001349	0.001651	0.001555	0.001514	0.001576	0.001426	0.001534	0.00177	0.001236	0.001326	0.001355	0.001498	0.001422	0.001123	0.001453	0.001482	0.00136	0.001528	0.00145	0.001339	0.001615	0.001491	0.001894	0.002077	0.002103	0.002439	0.002791	0.002547	0.003232	0.003439	0.003472	0.003796	0.004813	0.00498	0.005833	0.006803	0.007532	0.008101	0.008174	0.009739	0.010716	0.01328	0.013707	0.015081	0.017862	0.018976	0.020656	0.02302	0.024412	0.027933	0.030187	0.032277	0.035824	0.040288	0.044856	0.048417	0.05418	0.061137	0.065864	0.071059	0.081748	0.086852	0.097488	0.103656	0.117273	0.125241	0.140444	0.148311	0.151401	0.182235	0.194718	0.219721	0.243298	0.246692	0.288296	0.317189	0.283275	0.382755	0.324947	0.395255	0.361795	0.301292	0.429197
0.009478	0.000745	0.000504	0.00041	0.000296	0.000234	0.00031	0.000172	0.000245	0.000112	0.000225	0.000184	0.000317	0.000342	0.00034	0.000453	0.000772	0.001089	0.001343	0.001524	0.001404	0.001287	0.001437	0.0014	0.00149	0.001291	0.001537	0.001604	0.001343	0.001539	0.001177	0.001315	0.001442	0.001452	0.001614	0.001498	0.001675	0.001652	0.001788	0.001625	0.001554	0.001739	0.002024	0.002323	0.002116	0.002553	0.003094	0.003081	0.003648	0.004159	0.00443	0.005114	0.005826	0.006394	0.007136	0.007654	0.008504	0.010033	0.010722	0.012601	0.013092	0.014726	0.016641	0.018796	0.021333	0.023771	0.024343	0.027081	0.030043	0.034217	0.03614	0.039325	0.044933	0.051723	0.056533	0.062639	0.0684	0.070904	0.080651	0.09318	0.095422	0.108454	0.118674	0.13271	0.146475	0.154073	0.177379	0.199831	0.215457	0.227208	0.246165	0.260797	0.291359	0.325457	0.390467	0.375525	0.410079	0.438234	0.418365	0.423869	0.612291
0.00878	0.000651	0.000471	0.000421	0.00028	0.000276	0.000207	0.000242	0.000154	0.000264	0.000165	0.000173	0.000166	0.000181	0.000316	0.00045	0.000595	0.000899	0.001297	0.001205	0.001423	0.0013	0.001467	0.001364	0.001245	0.001196	0.00134	0.001499	0.00144	0.00145	0.00153	0.001375	0.001574	0.001105	0.001294	0.001531	0.001286	0.001312	0.001704	0.001571	0.001791	0.001977	0.0022	0.00213	0.002413	0.002412	0.002904	0.003306	0.003452	0.003727	0.00435	0.004528	0.005069	0.005917	0.006817	0.00695	0.008401	0.009484	0.010235	0.01177	0.012206	0.013778	0.015565	0.018163	0.019853	0.021605	0.023434	0.025593	0.028096	0.031836	0.034462	0.035818	0.042928	0.043348	0.048804	0.056164	0.061914	0.067994	0.074408	0.081198	0.089547	0.097576	0.10659	0.121294	0.130245	0.146381	0.162262	0.168805	0.186942	0.219535	0.230323	0.250395	0.257236	0.297523	0.271155	0.332221	0.340792	0.418845	0.444748	0.500016	0.457126
0.007725	0.000606	0.000439	0.000281	0.000166	0.000143	0.000214	0.00021	0.00027	0.000211	0.000167	0.00019	0.000137	0.000252	0.000296	0.000502	0.000544	0.000844	0.001179	0.001148	0.001035	0.001282	0.001244	0.001445	0.001052	0.001153	0.001317	0.001164	0.00111	0.00128	0.00124	0.001247	0.001343	0.001409	0.001462	0.001425	0.001699	0.001568	0.001368	0.001862	0.001542	0.001811	0.002084	0.002009	0.002454	0.002464	0.002808	0.003087	0.003575	0.003655	0.004254	0.004398	0.005092	0.005972	0.006314	0.006959	0.007751	0.008369	0.00964	0.011268	0.011987	0.013901	0.015058	0.016615	0.018985	0.021197	0.022854	0.024334	0.026685	0.02973	0.033488	0.036203	0.03734	0.044616	0.046619	0.051521	0.060776	0.068431	0.072338	0.082196	0.087715	0.099075	0.109657	0.117276	0.135542	0.13641	0.154387	0.164963	0.152784	0.195323	0.217834	0.257931	0.242241	0.267054	0.286712	0.312671	0.389737	0.37832	0.494818	0.447802	0.414502
0.00794	0.000638	0.000482	0.00036	0.00021	0.000154	0.000176	0.000145	0.000225	0.000197	0.000153	0.000185	0.00022	0.000216	0.000274	0.000474	0.000595	0.000831	0.000972	0.001051	0.001153	0.001082	0.001105	0.001383	0.001335	0.001193	0.001422	0.001205	0.001181	0.001305	0.001381	0.001465	0.001233	0.001262	0.001281	0.001282	0.001471	0.001368	0.001631	0.001558	0.00172	0.001979	0.001909	0.002082	0.002232	0.002753	0.002555	0.002733	0.003205	0.003699	0.00415	0.004544	0.005215	0.005182	0.006434	0.006411	0.007515	0.008776	0.009047	0.011633	0.01169	0.013857	0.015006	0.016822	0.018386	0.020191	0.022482	0.02584	0.027165	0.02956	0.032719	0.038144	0.040424	0.042902	0.047899	0.052864	0.058218	0.067743	0.073905	0.081077	0.088072	0.099015	0.107459	0.115156	0.127327	0.144076	0.147597	0.175501	0.182587	0.207623	0.230021	0.221909	0.289589	0.288497	0.35264	0.316191	0.370438	0.354801	0.423092	0.453405	0.454154
0.006755	0.00074	0.000457	0.000323	0.000313	0.000201	0.00026	0.000168	0.000084	0.000152	0.000227	0.000107	0.000169	0.00022	0.00029	0.000328	0.000535	0.000715	0.001096	0.001243	0.001079	0.00121	0.001192	0.001117	0.001114	0.001026	0.001269	0.00122	0.001172	0.00129	0.001342	0.0015	0.001366	0.001097	0.001421	0.001433	0.001496	0.001572	0.001529	0.001549	0.00153	0.001973	0.001748	0.002068	0.00215	0.002328	0.002881	0.002687	0.003284	0.003385	0.003952	0.004679	0.004602	0.005399	0.005356	0.007233	0.006941	0.008133	0.009624	0.009789	0.011512	0.011974	0.014406	0.015203	0.01712	0.019339	0.021192	0.023626	0.0255	0.029499	0.031011	0.034538	0.03886	0.042316	0.044899	0.050296	0.056159	0.061022	0.070258	0.080491	0.08637	0.091023	0.10697	0.114893	0.124654	0.136737	0.160132	0.161931	0.182601	0.191584	0.215978	0.229684	0.262227	0.29158	0.246442	0.320617	0.35863	0.445779	0.418411	0.401165	0.408505
0.006576	0.000537	0.000354	0.000366	0.000262	0.000251	0.000162	0.000168	0.00013	0.000174	0.000213	0.000196	0.000144	0.0002	0.000391	0.000312	0.000553	0.000881	0.000979	0.001238	0.001083	0.001211	0.00126	0.00111	0.001141	0.0011	0.001357	0.001142	0.001253	0.001306	0.001214	0.001158	0.00139	0.001433	0.001472	0.001444	0.001706	0.001608	0.001476	0.001771	0.001714	0.001797	0.001967	0.001959	0.002343	0.002212	0.00284	0.003181	0.00271	0.003601	0.003893	0.004196	0.00446	0.005229	0.005802	0.006124	0.006941	0.00773	0.009418	0.010448	0.010321	0.012698	0.014165	0.016055	0.016939	0.018649	0.021589	0.024062	0.027081	0.028819	0.030663	0.03473	0.037239	0.044233	0.049838	0.049607	0.057754	0.065412	0.070282	0.081515	0.08529	0.096097	0.108248	0.115381	0.132562	0.142778	0.154794	0.173343	0.190532	0.213173	0.230574	0.248112	0.282845	0.315322	0.330669	0.367909	0.38749	0.453037	0.49372	0.395693	0.617528
0.006221	0.000603	0.000445	0.000308	0.000238	0.000149	0.000159	0.0002	0.000266	0.000106	0.000143	0.000174	0.000157	0.000212	0.000306	0.000334	0.00052	0.00072	0.001046	0.001129	0.001033	0.001302	0.001149	0.001417	0.001417	0.001303	0.001283	0.001177	0.001203	0.001321	0.001384	0.001471	0.001392	0.001432	0.001537	0.00164	0.001577	0.00162	0.001538	0.001763	0.00172	0.00198	0.001804	0.002013	0.002178	0.002409	0.002374	0.002634	0.003238	0.003011	0.004013	0.00418	0.004069	0.005188	0.004864	0.00598	0.006914	0.007367	0.008366	0.009384	0.010948	0.011552	0.013346	0.014711	0.015846	0.018159	0.020744	0.022386	0.024746	0.027741	0.031582	0.033128	0.037321	0.040365	0.043188	0.048774	0.052657	0.058197	0.065381	0.073801	0.082906	0.090299	0.102318	0.109446	0.129754	0.136625	0.153789	0.16748	0.184848	0.213238	0.210874	0.233667	0.251639	0.287281	0.293462	0.316098	0.331691	0.401276	0.381256	0.367354	0.466155
0.006411	0.000528	0.000435	0.00033	0.000209	0.000214	0.000185	0.000151	0.00016	0.000129	0.000144	0.000203	0.000173	0.000216	0.000339	0.000389	0.000588	0.000851	0.001219	0.001137	0.001242	0.001191	0.001317	0.001267	0.001177	0.001227	0.001084	0.001364	0.001201	0.001219	0.001386	0.001474	0.001435	0.001424	0.001473	0.001494	0.001579	0.001486	0.00159	0.001626	0.001768	0.00186	0.001754	0.00201	0.002298	0.002163	0.002633	0.002529	0.002899	0.003426	0.003339	0.003881	0.004386	0.005195	0.005644	0.0056	0.006572	0.007901	0.008406	0.008388	0.010399	0.011906	0.012907	0.014479	0.015826	0.01718	0.018388	0.021827	0.026357	0.025726	0.030126	0.033539	0.037241	0.03917	0.04287	0.047811	0.055724	0.058869	0.064375	0.072524	0.083567	0.094463	0.1034	0.115722	0.124699	0.14112	0.151816	0.164985	0.191506	0.197666	0.230771	0.246848	0.264711	0.292828	0.299202	0.361335	0.392295	0.447379	0.378065	0.396728	0.414588
0.005889	0.000629	0.000337	0.000321	0.000284	0.000215	0.000117	0.000147	0.00012	0.000121	0.000128	0.000158	0.000179	0.000202	0.000312	0.000483	0.000564	0.000892	0.001093	0.001348	0.001281	0.001222	0.001218	0.001277	0.001097	0.001248	0.001367	0.001356	0.001183	0.00127	0.00125	0.001232	0.001446	0.001215	0.001459	0.001174	0.001436	0.001364	0.00141	0.001761	0.001683	0.001831	0.001958	0.002228	0.001991	0.002366	0.002313	0.002606	0.002845	0.002856	0.003777	0.00406	0.004388	0.004714	0.00476	0.006004	0.005797	0.007237	0.007854	0.008363	0.010264	0.011558	0.012985	0.013274	0.015211	0.016205	0.018399	0.02174	0.023299	0.025875	0.027441	0.031565	0.035553	0.038732	0.042587	0.047159	0.051311	0.057229	0.061007	0.070225	0.080023	0.090711	0.102617	0.104828	0.12278	0.136601	0.144642	0.162525	0.175391	0.198312	0.216569	0.235689	0.257009	0.283538	0.322795	0.328871	0.365912	0.461847	0.423515	0.419776	0.53023
0.005657	0.000559	0.000442	0.000238	0.000289	0.000156	0.000162	0.000117	0.000161	0.000149	0.000211	0.00009	0.000239	0.000164	0.000217	0.000372	0.000665	0.000711	0.001096	0.001	0.00132	0.001279	0.001438	0.001253	0.00126	0.001478	0.001482	0.001343	0.001326	0.001313	0.001518	0.001353	0.001538	0.001525	0.00152	0.001581	0.001443	0.001559	0.001618	0.001515	0.001773	0.001707	0.001991	0.001893	0.002136	0.002092	0.002372	0.002488	0.002544	0.003124	0.003226	0.003752	0.003969	0.004332	0.005019	0.005528	0.006271	0.006874	0.007406	0.008435	0.00995	0.010496	0.011109	0.013458	0.014258	0.016311	0.017536	0.020227	0.021707	0.024455	0.026653	0.030144	0.033599	0.037768	0.042303	0.045325	0.047341	0.054615	0.062398	0.065645	0.078466	0.083727	0.095401	0.105763	0.114632	0.125934	0.1457	0.165882	0.173674	0.179284	0.213379	0.231588	0.247468	0.287984	0.314355	0.324309	0.360353	0.411471	0.471403	0.384847	0.253644
0.006351	0.000549	0.000305	0.00028	0.000155	0.000154	0.00011	0.000168	0.000203	0.000102	0.000141	0.00015	0.000104	0.000156	0.000274	0.000515	0.000573	0.00074	0.001112	0.001097	0.001206	0.001198	0.001206	0.001413	0.001303	0.001156	0.00165	0.001309	0.001407	0.001396	0.00139	0.001438	0.001475	0.001378	0.001369	0.001471	0.001352	0.001404	0.001549	0.001423	0.00164	0.001701	0.00193	0.002043	0.001879	0.002313	0.002474	0.002433	0.002543	0.002816	0.003325	0.003378	0.004076	0.004036	0.004948	0.005369	0.006106	0.006602	0.007423	0.007945	0.008758	0.009474	0.011525	0.012002	0.012985	0.014772	0.017061	0.018689	0.021004	0.023261	0.02669	0.02938	0.031181	0.036062	0.041737	0.044187	0.048931	0.054716	0.058157	0.065006	0.073526	0.082128	0.08929	0.101514	0.111931	0.126784	0.142968	0.152232	0.179967	0.191881	0.198637	0.232893	0.261048	0.267141	0.305674	0.315296	0.379694	0.353242	0.420467	0.378625	0.358443
0.005535	0.000448	0.000369	0.000197	0.00018	0.00022	0.000153	0.000131	0.000065	0.00018	0.000137	0.000184	0.000149	0.000199	0.000244	0.000339	0.000468	0.000828	0.001121	0.001061	0.001111	0.001003	0.001121	0.001129	0.001084	0.001538	0.001152	0.001205	0.00122	0.001359	0.001325	0.001305	0.001415	0.001322	0.001225	0.001409	0.001563	0.001504	0.001358	0.001624	0.00164	0.001695	0.001943	0.002033	0.002225	0.002219	0.002358	0.002427	0.002937	0.002599	0.003368	0.003452	0.003616	0.004571	0.004362	0.005203	0.005298	0.00636	0.006972	0.00804	0.008166	0.009962	0.010165	0.011678	0.012501	0.014523	0.016403	0.018336	0.019306	0.021773	0.02589	0.026906	0.030004	0.033239	0.038789	0.04201	0.047898	0.051961	0.056527	0.063642	0.071215	0.079959	0.09062	0.096765	0.110062	0.128994	0.136815	0.147614	0.170983	0.18521	0.214895	0.225974	0.250179	0.265714	0.32333	0.357479	0.298523	0.372273	0.447571	0.315803	0.590261
0.005872	0.000363	0.000368	0.000236	0.000143	0.000169	0.000128	0.000217	0.000123	0.000093	0.000121	0.000086	0.000204	0.000189	0.000192	0.000396	0.00046	0.000714	0.000898	0.001001	0.001003	0.001041	0.000914	0.001039	0.001082	0.001107	0.001019	0.000998	0.001034	0.001172	0.001218	0.001151	0.001177	0.001248	0.00122	0.001223	0.001267	0.001359	0.001547	0.001509	0.001453	0.001508	0.00156	0.00207	0.002048	0.002372	0.002159	0.00232	0.002807	0.002897	0.003246	0.003023	0.003712	0.00407	0.00443	0.005058	0.005846	0.006561	0.00687	0.007685	0.00907	0.008877	0.010083	0.011786	0.012571	0.014125	0.015745	0.01709	0.018206	0.020849	0.023453	0.026053	0.028447	0.034016	0.035899	0.040327	0.043971	0.051315	0.053442	0.061926	0.068112	0.079296	0.083064	0.097029	0.106787	0.119149	0.139862	0.151423	0.173692	0.187063	0.201101	0.218096	0.227393	0.257582	0.282027	0.332451	0.306715	0.384083	0.411111	0.397719	0.463238
0.00531	0.000472	0.00034	0.000307	0.000151	0.000136	0.000113	0.000176	0.000101	0.00016	0.000195	0.000073	0.000109	0.000196	0.000249	0.000262	0.000466	0.000676	0.000785	0.00092	0.000835	0.000822	0.000808	0.001026	0.00106	0.001038	0.00104	0.001114	0.001057	0.001171	0.001133	0.00115	0.001237	0.001086	0.001225	0.001204	0.001237	0.00142	0.001297	0.001415	0.001529	0.00166	0.001713	0.001683	0.00198	0.002291	0.002458	0.002562	0.002715	0.003098	0.003028	0.003494	0.003622	0.003878	0.004228	0.005081	0.004937	0.005981	0.006652	0.007129	0.007937	0.009073	0.010734	0.010333	0.012414	0.013552	0.014894	0.016897	0.018861	0.019856	0.022823	0.025688	0.029323	0.032776	0.035458	0.038189	0.043481	0.049399	0.055202	0.063152	0.070705	0.077322	0.085295	0.097221	0.108735	0.127737	0.137521	0.153143	0.169428	0.190021	0.217264	0.226135	0.284019	0.272872	0.300913	0.320974	0.381654	0.384723	0.4703	0.517709	0.491213
0.005398	0.000442	0.000246	0.000274	0.000189	0.00012	0.000141	0.000177	0.000093	0.000129	0.000093	0.000092	0.00012	0.000149	0.000144	0.000263	0.000434	0.00066	0.000859	0.000853	0.000824	0.000948	0.000892	0.000966	0.0009	0.000927	0.000928	0.000896	0.001037	0.001144	0.001126	0.000984	0.000993	0.001161	0.001098	0.001188	0.001111	0.001398	0.001364	0.001373	0.001456	0.001693	0.0016	0.002093	0.002086	0.002208	0.002412	0.002442	0.002844	0.002989	0.002625	0.003164	0.00354	0.004067	0.00402	0.004548	0.00526	0.006098	0.006713	0.007085	0.007763	0.009078	0.009644	0.01129	0.011015	0.013311	0.014972	0.01697	0.017256	0.019479	0.022601	0.024284	0.027117	0.030423	0.034666	0.037751	0.040911	0.04563	0.052004	0.060294	0.065778	0.073237	0.083803	0.092973	0.104964	0.118838	0.132607	0.144154	0.166231	0.170308	0.215912	0.212933	0.241451	0.274799	0.305952	0.355297	0.373735	0.413995	0.423105	0.328327	0.406079
0.005167	0.000506	0.000216	0.000271	0.000181	0.000206	0.000104	0.000136	0.000119	0.000094	0.000121	0.000106	0.000176	0.000119	0.00019	0.000243	0.000305	0.000467	0.000679	0.000869	0.000834	0.000986	0.000721	0.000756	0.000893	0.000896	0.001075	0.000867	0.00101	0.000974	0.001054	0.001111	0.001106	0.001281	0.001092	0.001049	0.001229	0.001104	0.001265	0.001454	0.001513	0.001424	0.001514	0.001913	0.002035	0.001952	0.002409	0.002362	0.002524	0.002895	0.003037	0.003539	0.003463	0.003708	0.004549	0.004542	0.004881	0.005868	0.006031	0.006805	0.008176	0.008107	0.009008	0.010296	0.011968	0.012298	0.013664	0.015087	0.017627	0.019203	0.022257	0.022963	0.026193	0.029747	0.03251	0.036398	0.041638	0.04457	0.051633	0.057671	0.061911	0.072432	0.082549	0.092567	0.102486	0.115396	0.124222	0.141038	0.16518	0.18203	0.198727	0.229359	0.23933	0.266319	0.277943	0.323459	0.344221	0.343349	0.357663	0.405138	0.474383
0.005449	0.000457	0.000293	0.000115	0.000181	0.000172	0.000134	0.000089	0.00011	0.000153	0.000078	0.000113	0.000162	0.000105	0.000125	0.000196	0.000299	0.000518	0.000668	0.000753	0.000812	0.000931	0.000639	0.000908	0.000886	0.000904	0.000857	0.000879	0.000931	0.0011	0.00099	0.001097	0.00112	0.001116	0.001093	0.001203	0.001208	0.001199	0.001118	0.001258	0.001535	0.001666	0.001818	0.001693	0.002005	0.001943	0.002216	0.002368	0.002896	0.002981	0.002826	0.003205	0.003469	0.003998	0.004214	0.004952	0.004667	0.005211	0.006238	0.00673	0.007254	0.008631	0.0083	0.009972	0.010951	0.012671	0.013982	0.015047	0.016337	0.018127	0.019597	0.021396	0.024774	0.026905	0.031211	0.034284	0.038821	0.044335	0.047496	0.053507	0.061218	0.067581	0.075994	0.087743	0.098678	0.11389	0.114474	0.134747	0.147012	0.163936	0.194292	0.212992	0.231887	0.249972	0.297128	0.316605	0.332698	0.389986	0.366515	0.399418	0.417494
0.005369	0.000338	0.000249	0.000153	0.000136	0.000127	0.000118	0.000103	0.000081	0.000116	0.000058	0.00012	0.000147	0.000189	0.000153	0.000242	0.000263	0.000548	0.000843	0.000701	0.000832	0.000773	0.000772	0.000783	0.000916	0.000656	0.000776	0.000887	0.000764	0.00088	0.000838	0.001088	0.001001	0.001121	0.001072	0.001133	0.001235	0.001117	0.001147	0.001295	0.001545	0.001323	0.001705	0.001844	0.001831	0.002107	0.002263	0.002334	0.002526	0.002763	0.003011	0.003056	0.00341	0.004001	0.004062	0.004671	0.004505	0.005077	0.005911	0.006966	0.00693	0.008135	0.008422	0.009662	0.010875	0.011622	0.013133	0.014445	0.015806	0.017596	0.019817	0.021389	0.023205	0.026668	0.029223	0.03431	0.037586	0.042921	0.046866	0.051618	0.061222	0.070089	0.076257	0.086636	0.096543	0.104209	0.125319	0.138698	0.149067	0.171149	0.186441	0.216735	0.240587	0.264485	0.288437	0.309389	0.379048	0.354255	0.392308	0.455918	0.490824
0.004622	0.000375	0.000281	0.000223	0.000173	0.000075	0.000148	0.000073	0.000102	0.000094	0.0001	0.000086	0.000126	0.000153	0.000118	0.000249	0.000329	0.000539	0.000698	0.000705	0.000708	0.000742	0.000708	0.000895	0.000765	0.000846	0.00081	0.000926	0.00091	0.000919	0.000876	0.00102	0.001099	0.000997	0.00104	0.001167	0.001267	0.001253	0.001334	0.001481	0.001344	0.001582	0.001464	0.001744	0.001734	0.002136	0.002211	0.002586	0.00267	0.002721	0.003264	0.003261	0.003673	0.003641	0.004406	0.004582	0.005104	0.005501	0.005787	0.006837	0.007753	0.007479	0.008725	0.010053	0.010836	0.011788	0.012967	0.014614	0.01656	0.017719	0.018471	0.020915	0.023225	0.025406	0.029373	0.032917	0.038254	0.040871	0.04962	0.054798	0.059911	0.06682	0.075953	0.086901	0.098675	0.109134	0.123926	0.138714	0.152002	0.166694	0.187363	0.205762	0.237375	0.257338	0.275737	0.334485	0.363883	0.372555	0.440005	0.432957	0.487613
0.004728	0.00039	0.000227	0.000182	0.000146	0.000082	0.00014	0.000073	0.000116	0.000115	0.000136	0.000092	0.000078	0.000125	0.000152	0.000325	0.000308	0.000498	0.000615	0.000683	0.000731	0.000665	0.000606	0.000783	0.00074	0.000764	0.000802	0.000866	0.000934	0.000804	0.000924	0.000941	0.001085	0.000965	0.001078	0.001114	0.001169	0.001109	0.001297	0.001351	0.001527	0.001625	0.001431	0.001691	0.001959	0.002083	0.002269	0.002457	0.002445	0.002699	0.003015	0.003468	0.003267	0.004213	0.00407	0.004345	0.005116	0.00501	0.005623	0.006085	0.006825	0.007854	0.008385	0.008868	0.010025	0.011761	0.012586	0.013423	0.0153	0.016684	0.018721	0.020268	0.02361	0.025552	0.028315	0.032643	0.037105	0.041255	0.04657	0.051145	0.061257	0.067234	0.075056	0.084662	0.093813	0.110056	0.127595	0.135997	0.150962	0.174538	0.195682	0.217524	0.227804	0.27037	0.300541	0.31126	0.382286	0.381886	0.471948	0.419451	0.534795
0.004735	0.000337	0.000245	0.000127	0.000143	0.000173	0.00011	0.000102	0.000079	0.0001	0.000114	0.000064	0.000098	0.000154	0.000144	0.000295	0.000383	0.0005	0.000564	0.000661	0.000631	0.000676	0.000583	0.00069	0.00073	0.000772	0.000823	0.000831	0.000812	0.000838	0.000825	0.000905	0.001067	0.001067	0.001098	0.001168	0.001215	0.001192	0.001321	0.001305	0.001543	0.001711	0.001612	0.00178	0.001899	0.002118	0.001982	0.002354	0.002704	0.002573	0.003065	0.003333	0.003403	0.003893	0.004041	0.004473	0.004728	0.005065	0.005815	0.006263	0.007006	0.007414	0.008453	0.008901	0.009859	0.010834	0.012478	0.0137	0.014319	0.016235	0.018864	0.019894	0.022316	0.025562	0.027662	0.030163	0.034708	0.04009	0.043461	0.048972	0.056483	0.062446	0.070452	0.082447	0.089578	0.105596	0.112318	0.131396	0.148861	0.167833	0.181744	0.202182	0.232471	0.258344	0.289184	0.309617	0.339913	0.401439	0.373198	0.470582	0.457659
0.004764	0.000346	0.000222	0.000149	0.000104	0.000127	0.000185	0.000072	0.000173	0.000072	0.0001	0.000064	0.000092	0.000105	0.000251	0.000191	0.0004	0.000547	0.000663	0.000567	0.000606	0.000658	0.000573	0.000573	0.000615	0.000659	0.000641	0.000744	0.000651	0.000816	0.000784	0.000885	0.000953	0.000994	0.000961	0.001049	0.001046	0.001229	0.001371	0.00123	0.001351	0.001212	0.001535	0.001737	0.001728	0.002035	0.002167	0.002425	0.002562	0.002598	0.003032	0.003134	0.003393	0.003733	0.003995	0.004696	0.004661	0.005139	0.005348	0.006013	0.006918	0.007026	0.00777	0.008577	0.009091	0.010789	0.011992	0.013016	0.014276	0.015608	0.018339	0.019292	0.021206	0.024299	0.025957	0.030164	0.031651	0.036485	0.04142	0.047715	0.053273	0.061094	0.070129	0.07986	0.090291	0.102226	0.115016	0.129336	0.141567	0.158207	0.186062	0.202923	0.233667	0.262014	0.288669	0.331304	0.338485	0.346799	0.379368	0.45158	0.47819
0.004168	0.000342	0.000166	0.00012	0.000094	0.000143	0.000111	0.000113	0.000086	0.000072	0.000092	0.000057	0.000091	0.000091	0.000166	0.000242	0.00033	0.000442	0.000518	0.000538	0.000711	0.000661	0.000597	0.00047	0.000722	0.000756	0.0007	0.000658	0.000735	0.000811	0.000859	0.000857	0.00105	0.000937	0.000916	0.001111	0.001016	0.001242	0.001062	0.001206	0.001357	0.001567	0.001508	0.001579	0.001572	0.001946	0.001977	0.002173	0.002479	0.002769	0.002722	0.003188	0.003298	0.003646	0.004074	0.004679	0.0049	0.004998	0.005646	0.006292	0.006776	0.007616	0.007931	0.008814	0.009838	0.010307	0.011712	0.012935	0.013665	0.015036	0.016449	0.018803	0.021734	0.023081	0.027189	0.029118	0.033733	0.038828	0.041094	0.048102	0.053334	0.060745	0.068812	0.077278	0.088299	0.099329	0.117074	0.124259	0.14292	0.168574	0.185581	0.212414	0.222254	0.252977	0.288037	0.319404	0.347325	0.412343	0.426904	0.45307	0.465299
0.003515	0.000321	0.000221	0.000118	0.000125	0.000125	0.000047	0.00009	0.000091	0.000114	0.000106	0.000085	0.000098	0.000132	0.000125	0.000247	0.000274	0.000418	0.000584	0.000673	0.000588	0.000615	0.000615	0.000682	0.000631	0.000635	0.000757	0.000904	0.000712	0.000722	0.000707	0.000792	0.000851	0.000831	0.001056	0.000826	0.001037	0.001108	0.001165	0.001204	0.001383	0.001378	0.001391	0.001521	0.001863	0.001747	0.001873	0.00216	0.002442	0.002525	0.002981	0.002779	0.003432	0.003615	0.003807	0.004365	0.004531	0.004898	0.005649	0.005796	0.006573	0.007029	0.007448	0.008375	0.009282	0.010459	0.011133	0.012058	0.014124	0.014083	0.01595	0.018452	0.020961	0.022122	0.025466	0.028325	0.031575	0.035496	0.04116	0.046785	0.052221	0.058973	0.065461	0.076061	0.086594	0.097953	0.110717	0.127282	0.141887	0.161694	0.18704	0.201423	0.229991	0.262774	0.285043	0.346399	0.339159	0.392116	0.430602	0.447043	0.459859
0.003805	0.000326	0.000194	0.000172	0.00009	0.000156	0.000097	0.000086	0.000089	0.000083	0.000071	0.000092	0.000049	0.000167	0.000187	0.000193	0.000245	0.000364	0.000506	0.000577	0.000621	0.000627	0.000526	0.000653	0.000384	0.000625	0.000699	0.00059	0.000719	0.000655	0.000693	0.000728	0.000824	0.000798	0.00086	0.001039	0.001091	0.000929	0.001065	0.00128	0.001337	0.001495	0.001527	0.001662	0.00152	0.001861	0.00199	0.002406	0.00243	0.002719	0.002862	0.00267	0.003431	0.00372	0.003852	0.004368	0.004963	0.005314	0.005482	0.005616	0.006606	0.006978	0.007618	0.008555	0.00882	0.010461	0.011528	0.012083	0.014222	0.015731	0.01594	0.018363	0.019554	0.02287	0.025018	0.028111	0.031275	0.033993	0.039486	0.043132	0.050279	0.054376	0.064375	0.071725	0.082847	0.090936	0.107463	0.120045	0.137292	0.15582	0.1698	0.202868	0.220811	0.240727	0.2635	0.289625	0.332607	0.371259	0.380608	0.419415	0.452212
0.00348	0.000232	0.000139	0.00014	0.000101	0.000102	0.000109	0.000096	0.000099	0.000061	0.000089	0.000077	0.000084	0.000118	0.000076	0.000206	0.000211	0.000316	0.000414	0.000573	0.000619	0.000591	0.000506	0.000611	0.00061	0.000587	0.000639	0.000594	0.000555	0.000767	0.00067	0.000739	0.000845	0.000955	0.001039	0.001064	0.001148	0.001162	0.001233	0.001307	0.001429	0.001556	0.001569	0.001886	0.001788	0.001858	0.002139	0.002019	0.002523	0.002599	0.002942	0.003321	0.003347	0.003415	0.00406	0.004352	0.004801	0.005174	0.005544	0.005772	0.006635	0.007377	0.007984	0.008005	0.009231	0.010265	0.01037	0.012207	0.013428	0.014738	0.016453	0.018065	0.019618	0.021744	0.024335	0.027434	0.030701	0.034329	0.038921	0.042997	0.04959	0.054553	0.063251	0.073422	0.082857	0.08977	0.10471	0.117839	0.137312	0.152878	0.175052	0.192536	0.225546	0.245202	0.277801	0.297922	0.327586	0.3656	0.402596	0.431532	0.456234
0.003394	0.000283	0.000174	0.000113	0.000151	0.000112	0.000107	0.000082	0.000063	0.000072	0.000102	0.000089	0.000077	0.00016	0.000111	0.000288	0.000285	0.000404	0.000543	0.000586	0.000566	0.000512	0.000549	0.000614	0.000634	0.000596	0.000753	0.000672	0.000694	0.000723	0.000777	0.000886	0.000888	0.000874	0.000913	0.000954	0.001135	0.001054	0.001222	0.001253	0.001352	0.001423	0.001675	0.001939	0.001918	0.001886	0.00194	0.002336	0.002764	0.002731	0.002992	0.003261	0.003114	0.003779	0.004087	0.004511	0.004757	0.005262	0.005693	0.005804	0.007068	0.006923	0.007744	0.008305	0.009221	0.009722	0.01072	0.011306	0.013683	0.013755	0.015324	0.017618	0.019158	0.021496	0.023973	0.027542	0.029843	0.034425	0.037144	0.042136	0.046815	0.055962	0.063301	0.06921	0.079901	0.092108	0.106939	0.119971	0.135512	0.152611	0.170944	0.19009	0.219601	0.239864	0.272195	0.298814	0.354375	0.390529	0.422707	0.426962	0.482705
0.003346	0.000268	0.000181	0.000142	0.000118	0.000074	0.000074	0.000106	0.000081	0.000082	0.000072	0.000081	0.000116	0.000146	0.000138	0.000151	0.000291	0.000455	0.000477	0.000469	0.000548	0.000527	0.000681	0.000673	0.000634	0.000705	0.000522	0.000765	0.000663	0.000703	0.000871	0.000654	0.000807	0.000818	0.000999	0.001001	0.001047	0.001268	0.001029	0.001209	0.001348	0.001536	0.001623	0.001641	0.001704	0.001841	0.002088	0.002197	0.002558	0.002582	0.002687	0.003105	0.003283	0.003743	0.004007	0.004298	0.004525	0.005007	0.005384	0.006034	0.006553	0.007051	0.00744	0.008131	0.009155	0.009716	0.010575	0.011115	0.012456	0.014444	0.015562	0.016868	0.019047	0.021821	0.024501	0.025908	0.030424	0.032986	0.037627	0.041191	0.04813	0.05578	0.062287	0.067977	0.079641	0.089222	0.104331	0.115543	0.130106	0.152866	0.16811	0.191766	0.211514	0.240571	0.272838	0.310779	0.330397	0.375908	0.423892	0.391737	0.551293
0.003586	0.000259	0.000124	0.000161	0.000085	0.000061	0.000061	0.000073	0.000092	0.000112	0.000093	0.000058	0.00012	0.000128	0.000186	0.000178	0.000257	0.000393	0.000529	0.000646	0.000585	0.000575	0.000572	0.000568	0.000673	0.000599	0.000639	0.000589	0.000743	0.000698	0.00083	0.000774	0.000916	0.000886	0.000937	0.000955	0.001174	0.00118	0.001267	0.001373	0.001369	0.001585	0.001681	0.001544	0.001994	0.002228	0.002219	0.002644	0.002225	0.002713	0.002751	0.003016	0.003336	0.003399	0.003953	0.004266	0.004751	0.00485	0.005432	0.005966	0.006477	0.006971	0.008073	0.00798	0.00881	0.009769	0.010734	0.012056	0.012621	0.013781	0.015979	0.017218	0.018954	0.02288	0.023092	0.026211	0.028545	0.034257	0.038581	0.040832	0.047211	0.053873	0.061892	0.06715	0.078075	0.089736	0.101896	0.11366	0.130725	0.152141	0.167759	0.196868	0.220538	0.238829	0.271686	0.309646	0.341532	0.348247	0.451144	0.433312	0.485043
0.003541	0.000208	0.000147	0.000086	0.000116	0.00006	0.000024	0.000067	0.000085	0.000079	0.000043	0.000062	0.000128	0.000106	0.000195	0.000253	0.000217	0.000406	0.000518	0.000585	0.000622	0.000587	0.000554	0.000659	0.000614	0.000634	0.000601	0.000599	0.000655	0.000739	0.000771	0.000691	0.000869	0.000873	0.000805	0.000933	0.001059	0.001061	0.001289	0.001348	0.001152	0.001358	0.00137	0.001487	0.001725	0.001897	0.002019	0.002159	0.002463	0.00246	0.002636	0.002788	0.003115	0.003365	0.004039	0.004098	0.004745	0.004886	0.005172	0.006068	0.006538	0.006979	0.007794	0.008494	0.008642	0.009281	0.010872	0.01088	0.012225	0.013385	0.0144	0.01747	0.017257	0.020309	0.022486	0.024457	0.027739	0.029953	0.035739	0.039641	0.045114	0.049953	0.058905	0.062763	0.072102	0.086646	0.095439	0.110602	0.119631	0.14059	0.160265	0.175842	0.20456	0.231594	0.254856	0.278288	0.305459	0.347358	0.377165	0.437703	0.47551
0.003597	0.000269	0.000175	0.000128	0.000055	0.000097	0.00012	0.000079	0.000066	0.000084	0.000091	0.000043	0.000092	0.000108	0.000105	0.00018	0.00023	0.000456	0.000623	0.000601	0.000603	0.000592	0.00058	0.000663	0.000732	0.000665	0.000767	0.000659	0.000656	0.00069	0.000769	0.000667	0.00068	0.00086	0.000956	0.000933	0.00112	0.001106	0.000957	0.001253	0.001504	0.001439	0.001444	0.00167	0.00164	0.002011	0.00211	0.002143	0.002416	0.002804	0.002777	0.003012	0.00327	0.003313	0.003822	0.004032	0.004259	0.004887	0.005661	0.005967	0.006333	0.006861	0.007436	0.008751	0.00935	0.009445	0.01054	0.01083	0.012258	0.013161	0.014573	0.015808	0.018178	0.019492	0.021781	0.024391	0.028363	0.029573	0.033846	0.039995	0.045696	0.050392	0.056604	0.064924	0.071985	0.08477	0.094503	0.107908	0.118486	0.140167	0.155418	0.177985	0.202269	0.221914	0.258077	0.289371	0.310205	0.370239	0.38766	0.422671	0.4479
0.003397	0.000162	0.000166	0.000087	0.000079	0.000043	0.000048	0.000072	0.000066	0.000036	0.00003	0.000066	0.000066	0.000121	0.000202	0.000183	0.000298	0.000512	0.000519	0.000586	0.00048	0.00069	0.000591	0.000576	0.000677	0.000579	0.000691	0.000615	0.000863	0.000692	0.000789	0.000826	0.000875	0.000688	0.000844	0.000929	0.001041	0.001043	0.001051	0.001109	0.001473	0.001333	0.001362	0.001392	0.001555	0.001837	0.001899	0.002287	0.002321	0.002474	0.002557	0.003029	0.003126	0.003504	0.003691	0.003877	0.004474	0.005012	0.004908	0.005971	0.006356	0.006537	0.006873	0.008083	0.008592	0.009189	0.01009	0.010434	0.01136	0.013092	0.015028	0.015469	0.018037	0.020323	0.019808	0.024106	0.026848	0.029422	0.033208	0.037569	0.041363	0.048051	0.053613	0.061343	0.069274	0.080001	0.092663	0.099633	0.113501	0.130347	0.150867	0.167539	0.193142	0.216956	0.233254	0.258957	0.301862	0.345036	0.362633	0.407756	0.438892
0.003472	0.000189	0.000142	0.00014	0.000093	0.000097	0.000067	0.000054	0.000095	0.00009	0.000054	0.000047	0.000131	0.000132	0.000175	0.00022	0.000371	0.000402	0.000554	0.000529	0.000599	0.000515	0.000541	0.000533	0.000696	0.000613	0.000693	0.00066	0.000732	0.000727	0.000715	0.00078	0.000806	0.000843	0.000889	0.000805	0.000862	0.00092	0.001083	0.00101	0.001085	0.001207	0.001481	0.001557	0.001697	0.001983	0.001836	0.002016	0.002285	0.002518	0.002817	0.003019	0.003129	0.003501	0.003859	0.004172	0.004197	0.004888	0.005424	0.005643	0.006186	0.006166	0.007201	0.008082	0.008606	0.00916	0.009914	0.011012	0.012228	0.013053	0.014058	0.015826	0.017566	0.019287	0.02258	0.023116	0.026772	0.030333	0.033872	0.037649	0.044075	0.050203	0.056593	0.061248	0.072814	0.07996	0.091408	0.107191	0.117496	0.137512	0.152939	0.174762	0.196083	0.215943	0.25159	0.278215	0.303318	0.34851	0.362551	0.423376	0.44101
