79402.68 78875.41 76412.81 74526.02 74148.02 75799.25 79814.46 82550.08 84155.95 86453.72 89444.59 92860.06 94956.08 97937.88 104042.06 109154.34 116816.6 127376.65 130199.57 128437.34 129189.29 130327.93 131178.92 132392.42 133707.07 136267.68 139515.44 141703.65 144066.55 147188.88 150739.51 154317.42 156641.13 156181.75 153630.92 150051.08 148499.18 150111.23 152132.09 158462.04 161928.09 171484.97
79654.97 78815.09 78363.89 76125.08 74431.31 74062.2 75460.79 79372.99 82335.74 84276.12 86594.86 89145.66 92211.61 94465.35 97726.9 103849 109010.19 116764.08 127156.05 129980.22 128366.93 129025.65 130020.09 130937.4 132237.31 133567.35 136148.76 139522.49 141892.69 144342.05 147433.44 150873.52 154368.74 156573.22 156002.46 153337.22 149776.9 148527.79 150304.22 152375.99 158780.91 161970.09
80168.84 79450.42 78708.88 78010.75 75774.17 74337.7 74116.17 75388.37 79049.75 82050.64 84244.06 86609.04 88789.41 91492.38 93944.63 97591.95 103755.64 108951.54 116681.02 126861.63 129733.56 128268.64 128726.97 129529.85 130538.38 132027.48 133439.55 136143.55 139585.46 141965.88 144530.91 147676.79 150935.28 154177.73 156283.92 155732.34 153241.11 149905.31 148636.57 150460.85 152611.94 158833.5
79395.57 79457.75 79044.83 78425.6 77586.35 75395.83 74161.64 74046.4 75276.63 78674.86 81645.6 83901.19 86074.11 88175.76 90844.7 93502.19 97405.98 103530.48 108750.64 116475.51 126480.91 129265.17 127720.05 128120.86 128916.13 130091.66 131733.87 133212.84 136014.97 139508.23 141982.6 144549.19 147466.55 150554.56 153740.2 155846.43 155485.12 153288.27 150056.8 148827.04 150674.11 152527.38
78048.67 78367.26 78813.26 78613.87 78090.56 77132.36 74883.1 73729.99 73825.6 75114.29 78204.05 80934.47 83154.72 85339.63 87557.24 90261.78 93024.2 97065.99 103230.82 108545.02 116263.38 125995.13 128487.21 126865.7 127279.91 128159.33 129497.74 131284.06 132936.87 135890.17 139432.73 141862.2 144212.38 146939.28 149994.9 153186.69 155469.04 155329.28 153246.06 150202.85 149000.22 150557.02
76442.58 77212.65 77752.8 78318.98 78145.55 77742.24 76694.76 74431.33 73338.2 73566.95 74830.29 77607.16 80338.11 82409.48 84587.55 86968.7 89839.47 92773.18 96802.61 102825.03 108232.24 116085.64 125637.36 127748.33 125944.24 126416.07 127375.2 128858.63 130813.68 132600.97 135662.19 139144.59 141362.57 143555.64 146149.91 149205.83 152620.46 155186.39 155179.95 153293.29 150393.93 148835.03
74880.07 76118.3 77013.55 77380.76 77781.21 77718.7 77500.4 76384.7 74026.9 72912.19 73216.69 74443.8 77052.7 79678.94 81696.11 83902.84 86588.22 89709.32 92663.21 96472.14 102327.89 107789.76 115714.39 125098.46 126829.24 124924.95 125629.5 126775.72 128313.08 130312.91 132232.4 135312 138609.7 140657.22 142705.08 145259.29 148512.94 152174.35 154913.88 155211.42 153548.81 150353.22
73153.69 73852.96 75299.69 76527.1 76925.96 77146.88 77029.97 76888.89 75895.67 73563.47 72348.08 72653.1 73848.63 76364.13 79052.28 81049.16 83294.64 86229.7 89485.54 92410.89 96088.48 101841.98 107231.37 115137.17 124416.38 125891.37 123893.37 124797.15 126173.21 127749.18 129798.43 131662.18 134554.54 137766.39 139753.16 141765.57 144391.09 147854.23 151657.25 154713.36 155234.56 153230.66
71673.45 72201.11 73019.56 74515.79 75928.34 76412.43 76580.73 76480.88 76345.74 75367.28 72994.16 71691.22 72073.9 73160.4 75603.91 78418.76 80665.16 83155.27 86019.84 89202.86 92107.85 95647.15 101228.95 106523.45 114408.97 123614.5 125019.93 123125.67 124153.13 125568.89 127152.94 129130.47 130833.44 133541.32 136723.51 138776.51 140973.51 143792.81 147318 151403.29 154659.31 154858.2
68837.62 70710.33 71413.57 72190.23 73644.62 75377.1 75975.37 76019.67 75913.36 75716.25 74697.01 72428.4 71268.4 71519.05 72461.78 74922.05 77975.17 80475.92 83004.98 85731.74 88818.28 91753.06 95158.82 100579.22 105808.17 113678.07 122881.2 124329.77 122459.66 123440.4 124907.86 126513.53 128362.81 129831.56 132365.14 135589.02 137887.91 140296.57 143216.89 146977.45 151243.05 154180.56
62799.25 67825.87 69976.17 70691.69 71327.68 72757.04 74687.81 75309.9 75300.1 75244.08 74975.8 73921.76 71862.84 70718.54 70926.78 71804.4 74345.14 77660.44 80312.07 82797.37 85371.61 88335.01 91144.54 94434.92 99813.75 105050.19 112984.82 122230.37 123689.63 121773.23 122736.33 124260.08 125831.15 127481.56 128714.15 131161.62 134603.77 137112.87 139651.15 142898.97 146793.79 150669.39
56929.64 61642.96 66916.6 69249.77 69960.5 70487.67 71738.35 73749.02 74543.19 74569.57 74478.79 74176.84 73253.42 71244.3 70172.75 70389.46 71401.54 74156.35 77467.01 80018.48 82528.12 84958.22 87663.13 90362.11 93625.51 98954.91 104243.14 112333.18 121579.91 122948.51 120993.15 121982.27 123635.99 125127.56 126481.31 127550.14 130062.4 133706.35 136404.4 139334.66 142740.95 146113.11
54904.43 55934.85 60821.66 66107.76 68438.35 69138.42 69717.44 70963.89 72904.04 73679.72 73703.87 73590 73310.26 72476.79 70603.4 69618.82 69892.18 71011.46 73911.72 77149.74 79703.22 82238.88 84355.17 86793.86 89483.72 92784.22 98197.11 103626.49 111682.51 120808.37 122187.21 120293.98 121374.96 123006.9 124261.62 125399.21 126490.19 129207.09 132930.06 135970.08 139096.37 142055.71
54757.57 53627.85 54866.36 59893.26 65200.69 67527.77 68210.05 68827.43 70099.57 71990.1 72744.1 72652.48 72471.38 72232.23 71633.52 70023.52 69072.82 69240.66 70452.59 73582.89 76823.89 79177.14 81428.25 83441 85867.42 88558.47 92013.99 97628.85 103086.52 111017.26 120010.65 121404.37 119641.26 120761.06 122312.63 123419.86 124465.18 125686.96 128443.27 132447.54 135597.67 138213.99
54502.01 53639.64 52550.81 53856.89 58922.42 64249.09 66504.82 67065.3 67786.16 69145.61 70932.82 71591 71475.46 71212.94 71141.87 70813.89 69324.27 68311.08 68460.92 69862.05 73208.96 76305.07 78260.06 80355.35 82392.53 84844.84 87729.32 91418.61 97098.45 102499.44 110336.97 119232.17 120671.72 118951.79 120041.82 121574.29 122668.12 123727.6 124973.93 128031.46 131984.15 134552.02
53936.41 53453.03 52545.66 51482.2 52820.88 57948.42 63178.55 65187.87 65736.34 66640.6 68052.9 69686.38 70235.63 70073.98 69930.38 70056.4 69975.67 68502.35 67387.4 67572.7 69215.34 72652.68 75377.64 77048.58 79121.5 81218.77 83811.8 86959.19 90764.67 96372.26 101714.77 109438.58 118276.72 119793.23 118076 119110.88 120624.44 121718.57 122834.33 124519.17 127650.41 130901.66
52259.22 52801.39 52295 51383.69 50395.42 51823.78 56927.85 61902.62 63709.13 64293.15 65343.71 66735.57 68150.76 68618.63 68557.71 68558.2 68860.03 68870.25 67413.3 66303.14 66584.74 68288.1 71538.75 74144.31 75752.95 77823.57 80105.04 82987.54 86219.2 90008.61 95625.28 100839.61 108327.85 117120.13 118722.43 117078.04 118114.94 119525.73 120583.11 122114.13 123989.22 126587.24
49255.1 50833.53 51386.24 50946.8 50142.32 49224.94 50699.74 55737.31 60475.28 62113.7 62762.71 63826.97 65138.12 66459.82 66998.74 67060.97 67265.39 67670.38 67690.16 66253.4 65239.62 65608.79 67265.68 70308.51 72783.44 74374.36 76641.48 79247.6 82282.82 85484.31 89257.19 94708.78 99688.47 107101.11 115926.75 117639.16 116061.47 116955.67 118291.3 119762.24 121533.79 122871.33
46392.13 47751.87 49311.84 49872.77 49524.45 48840.31 48042.29 49556.12 54468.9 58952.43 60374.84 60940.22 62145.37 63339 64626.66 65312.21 65606.84 65975.6 66440.23 66427.16 65071.53 64111.86 64503.88 66127.02 68988.11 71319.39 73077.51 75640.23 78395.36 81440.8 84692.94 88330.68 93464.53 98311.69 105756.68 114668.55 116498.77 114894.83 115750.23 117395.84 119020.81 120298.43
43312.8 44843.64 46237.34 47717.64 48255.97 48025.07 47451.63 46729.85 48307.48 53077.46 57240.59 58566.76 59308 60381.75 61491.46 62839.83 63718.2 64199.32 64741.94 65225.99 65140.38 63900.28 63034.74 63407.18 64891.14 67584.8 69963.44 72022.27 74752.9 77519.26 80601.67 83734.42 87055.63 91997.27 96831.65 104329.76 113265.43 115090.68 113562.97 114734.84 116489.78 117597.46
39825.78 41686.1 43200.71 44631.81 46082.3 46587.58 46410.97 45894.31 45284.45 46959.28 51601.43 55458.31 56853.47 57567.22 58544.3 59567.58 61052.09 62139.3 62853.92 63405.09 63860.13 63801.68 62599.79 61774.12 62142.74 63589.19 66258.52 68819.62 71017.57 73747.61 76564.41 79519.51 82384.36 85582.3 90505.35 95347.33 102884.55 111774.55 113609 112402.97 113728.79 114955.9
36839.59 38251.94 40049.95 41515.42 42959.56 44374.92 44890.03 44769.98 44288.3 43791.77 45572.11 50000.17 53722.28 55018.43 55748.97 56636.09 57761.87 59406.61 60617.94 61446.57 62043.85 62462.79 62278.08 61115.58 60404.35 60811.83 62279.12 65002.07 67654.34 69929.8 72674.88 75361.46 78098.14 80877.3 84038.18 88887.73 93729.77 101234.53 110133.52 112289.44 111261.88 112160.66
33984.19 35174.66 36653.23 38314.46 39698.49 41196.58 42651.06 43147.35 42988.34 42533.22 42193.86 43951.84 48316.85 51781.09 53120.41 53891.08 54865.9 56145.96 57808.62 58988.31 59903.93 60651.37 60904.84 60558.61 59484.39 58979.82 59472.93 60993.11 63712.58 66374.11 68757.92 71455.32 73854.85 76513.87 79270.83 82370.54 87208.96 92014.01 99435.64 108543.26 110885.72 109529.49
31163.36 32033.26 33317.8 34928.36 36526.23 37843.74 39370.35 40779.72 41272.94 41144.99 40678.04 40348 42146.35 46322.8 49785.02 51164.79 52035.85 53010.09 54445.41 56133.94 57293.32 58278.54 58882.63 59105.5 58731.29 57801.07 57487.66 58023.63 59507.08 62247.95 65068.72 67371.61 69753.03 72068.13 74786.11 77551.48 80613.22 85406.12 90205.65 97736.57 106880.45 108930.71
28545.03 29327.48 30235.66 31548.52 33188.86 34692.82 35899.44 37383.03 38784.49 39325.4 39224.83 38786.6 38501.19 40161.47 44266.23 47773.84 49247.89 50019.24 51020.8 52599.83 54355.32 55472.42 56263.55 56862.56 57186.48 56876.69 56053.94 55873.01 56480.19 57993.46 60756.9 63518.76 65658.7 67878.56 70192.31 72918.39 75713.91 78729.97 83475.91 88429.56 96024.53 104829.07
25715.41 26826.05 27587.38 28396.2 29685.34 31430.67 32885.18 33913.25 35270.78 36673.07 37343.23 37270.32 36909.74 36547.41 38122.49 42241.19 45748.79 47142.15 47883.57 48981.81 50783.59 52531.69 53418.88 54121.96 54731.87 55134.37 54914.11 54186.67 54087.14 54776.51 56385 59071.48 61680.05 63718.26 65908.89 68226.59 70946.02 73712.76 76745.41 81588.68 86580.57 93831.04
22724.34 23982.81 25104.58 25893.64 26654.3 27876.57 29588.92 30874.82 31767.32 33072.85 34505.69 35215.17 35267.39 34904.79 34545.39 36068.79 40185.6 43600.71 44978.43 45684.03 46879.42 48815.18 50392.41 51213.54 51855.32 52528.99 53132.94 53003.23 52300.64 52270.75 53049.34 54664.68 57261.9 59702.44 61630.74 63804.04 66135.34 68877.02 71631.95 74747.82 79674.92 84454.57
20001.44 20921.54 22168.01 23331.2 24186.62 24896.97 25971.36 27534.96 28741.22 29619.69 30905.41 32240.09 32995.28 33040.93 32779.52 32497.62 33961.31 37921.04 41349.8 42754.89 43464.32 44655.46 46501.68 48064.86 48914.9 49582.46 50234.46 50921.79 50910.33 50318.27 50371.77 51174.78 52769.05 55283.3 57651.6 59494.09 61634.9 64018.82 66770.3 69558.42 72669.49 77341.59
17958.6 18340.93 19233.17 20399.69 21573.84 22496.25 23196.78 24145.86 25521.26 26610.47 27488.16 28715.3 30041.43 30676.18 30763.87 30655.37 30559.17 31966.39 35743.45 39038.33 40519.13 41287.5 42356.94 44135.42 45632.85 46535.54 47264.66 48000.09 48751.73 48785.66 48257.17 48353.45 49152.14 50733.44 53162.93 55380.63 57195.46 59460.75 61864.77 64619.33 67426.02 70323.14
16285.12 16342.83 16750.4 17579.96 18652.85 19826.45 20771.95 21395.88 22213.58 23408 24462.89 25283.58 26594.46 27819.61 28340.38 28512.9 28615.27 28596.37 29968.6 33541.01 36743.72 38199.15 38877.73 39949.82 41635.04 43139.15 44134.22 44951.22 45696.81 46481.08 46591.96 46111.34 46234.36 47069.94 48634.79 50955.99 53120.38 54983.02 57238.19 59634.05 62314.04 64969.22
13905.84 14561.8 14639.96 15150.03 16112.92 17018.84 17584.48 18475.47 19338.72 20049.35 21210.42 22107.8 23051.57 24270.43 25550.19 26165.8 26078.22 26157.24 26193.36 26756.86 30407 33672.16 34512.57 35699.21 36764.76 38391.52 39938.4 41104.96 42581.1 42991.35 43776.94 44249.92 43604.5 44019.33 44891.63 46396.71 48682.75 50836.84 52710.63 54952.34 57275.5 59784.95
11217.12 12456.26 13053.08 13158.59 13679.11 14523.79 15377.56 15930.55 16721.3 17483.3 18255.6 19381.24 20180.54 21018.98 22177.09 23391.97 23991.3 23902.41 24069.94 24197.74 24767.49 28229.27 31235.93 32104.27 33357.49 34406.74 35984.35 37438.86 38554.58 40023.53 40584.23 41337.61 41800.51 41254.58 41705.6 42548.61 43977.77 46239.93 48465.5 50367.11 52550.01 54717.65
9310.02 9986.1 11079.83 11602.26 11736.86 12208.57 12990.81 13804.7 14276.6 14949.59 15726.59 16425.61 17515.27 18240.74 19040.97 20096.9 21231.11 21733.32 21774.31 22066.63 22228.94 22842.84 26063.86 28870.17 29717.37 30939.95 31998.57 33511.17 34869.79 35958.13 37489.82 38017.32 38772.71 39305.66 38800.64 39211.11 40057.79 41509.04 43680.69 45916.68 47881.89 49935.24
7879.57 8179.33 8743.04 9720.76 10222.24 10293.92 10755.47 11506.53 12226.35 12614.86 13292.38 14036.68 14729.15 15633.73 16269.12 17060.99 18062.89 19071.07 19603.3 19724.76 20062.8 20276.56 20839.14 23847.93 26447.21 27309.94 28511.27 29502.17 30949.07 32254.85 33338.87 34835.73 35406.92 36211.84 36722.07 36253.52 36646.01 37469.5 38844.68 41033.95 43380.97 45193.25
6699.17 6819.55 7069.66 7572.69 8455.48 8870.95 8954.88 9396.68 10062.5 10678.32 11088.74 11739.27 12441.5 13037.46 13820.98 14367.7 15150.47 16054.59 17065.84 17603.04 17757.11 18105.33 18255.29 18836.78 21662.8 24050.5 24891.6 25981.03 26933.18 28392.33 29650.39 30646.48 32093.65 32726.88 33518.08 34056.08 33714.89 34096.87 34909.06 36300.5 38399.51 40527.99
5611.95 5725.09 5830.06 6048.97 6505.94 7262.18 7631.28 7707.15 8112.61 8684.83 9244.58 9648.4 10294.1 10854.14 11417.18 12100.53 12600.91 13295.32 14176.11 15138.49 15631.65 15840.68 16103.69 16229.48 16856.11 19476.87 21688.15 22488.41 23417.08 24341.11 25777.62 26971.4 27892.08 29309.93 29990.11 30725.92 31293.81 31014.18 31403.6 32205.93 33600.76 35605.16
4727.11 4749.04 4834.04 4935.54 5150.9 5501.91 6170.05 6504.08 6573.01 6929.18 7458.35 7980.72 8442.66 8943.54 9361.54 9865.5 10461.39 10869.16 11594.07 12396.43 13254.02 13730.71 13888.42 14148.34 14338.07 15026.8 17396.39 19352.23 19994.44 20907.6 21832.89 23148.11 24279.17 25202.37 26599.33 27184.78 27854.82 28461.38 28185.48 28571.73 29452.02 30784.93
3953.52 3960.34 3943.65 4033.75 4129.91 4272.59 4588.51 5166.55 5455.31 5490.09 5800.59 6292.98 6792.61 7176.7 7580.88 7942.3 8444.37 8959.43 9309.22 9960.08 10732.71 11513.34 11857.6 12057.63 12351.98 12602.69 13187.51 15270.46 16958.84 17620.67 18510.88 19322.76 20537.88 21602.79 22498.44 23831.52 24329.51 24987.71 25623.5 25420.78 25825.77 26560.15
3234.69 3273.87 3258.05 3253.86 3335.74 3378.8 3510.77 3772.32 4258.11 4483.83 4547.63 4889.73 5323.98 5668.7 6004.7 6341.19 6642.98 7087.63 7549.8 7847.15 8458.6 9161.83 9790.8 10113.35 10322.71 10660.09 10908.3 11408.94 13243.72 14727.59 15378.66 16198.07 16929.69 18044.01 18972.86 19784.94 21029.74 21542.25 22209.99 22872.78 22758.31 23090.12
2606.87 2637.46 2646.99 2643.68 2645.07 2695.15 2743.97 2862.42 3058.88 3446.45 3676.59 3768.47 4099.16 4411.07 4686.72 4952.92 5241.87 5486.82 5941.18 6291.41 6528.98 7090.03 7655.59 8244.64 8526.63 8766.56 9115.23 9305.43 9689.87 11262.55 12654.99 13222.84 13884.84 14608.35 15588.77 16447.72 17166.02 18259.97 18792.19 19498.78 20162.35 20063.73
2027.58 2092.15 2073.3 2079.84 2104.74 2080.01 2142.18 2190.97 2269.2 2409.11 2748.79 2975.01 3052.16 3292.37 3539.26 3751.57 4013.15 4225.36 4499.75 4909.26 5180.24 5371.58 5779.27 6271.62 6808.75 7093.19 7310.94 7627.72 7763.76 8067.29 9454.33 10626.17 11083.61 11750.51 12397.3 13244.64 13985.47 14640.59 15636.59 16189.15 16883.02 17471.04
