0.030812	0.003639	0.0017	0.001323	0.001206	0.000829	0.000781	0.000626	0.001281	0.00068	0.000776	0.000774	0.000892	0.000572	0.001103	0.00112	0.001427	0.00164	0.001672	0.002426	0.001921	0.001761	0.002424	0.001368	0.001428	0.001859	0.001406	0.001122	0.001681	0.000993	0.001397	0.001533	0.002335	0.001688	0.001955	0.002087	0.003242	0.00204	0.002936	0.002874	0.003274	0.001597	0.003336	0.003322	0.003883	0.004115	0.004476	0.004598	0.006772	0.00777	0.008702	0.008388	0.008049	0.010203	0.01143	0.013897	0.013809	0.014157	0.019287	0.01761	0.019985	0.018385	0.026501	0.024612	0.029417	0.037619	0.033716	0.036145	0.037257	0.045691	0.047873	0.046766	0.065715	0.066395	0.075895	0.076491	0.096632	0.08503	0.119749	0.125699	0.119147	0.1168	0.13265	0.137615	0.175815	0.185475	0.221612	0.239504	0.242101	0.270128	0.261484	0.209917	0.293619	0.339716	0.226836	0.413641	0.626492	0.619915	0.279005	0.7109	1.080432
0.032786	0.003307	0.002036	0.001203	0.0009	0.001031	0.000929	0.000994	0.000445	0.000731	0.000674	0.000769	0.000448	0.00075	0.000498	0.001759	0.00089	0.001346	0.001698	0.002094	0.002226	0.001563	0.002091	0.002335	0.002096	0.001882	0.001848	0.00157	0.001906	0.002266	0.001885	0.001994	0.001637	0.002511	0.00206	0.001969	0.00238	0.002237	0.003474	0.003271	0.002408	0.003791	0.004092	0.003803	0.004198	0.003893	0.005686	0.006711	0.005915	0.008061	0.006815	0.008171	0.010069	0.010936	0.011227	0.012615	0.012278	0.015661	0.019054	0.020783	0.020348	0.020313	0.028787	0.028375	0.028251	0.036006	0.034077	0.039632	0.041043	0.045526	0.054832	0.051148	0.057509	0.066037	0.068617	0.081332	0.088766	0.087443	0.090669	0.116807	0.104786	0.126984	0.1464	0.160311	0.169695	0.173372	0.208797	0.227764	0.241136	0.311989	0.205352	0.313032	0.354483	0.266324	0.281955	0.418064	0.347046	0.448878	0.502934	0.452148	0
0.031435	0.003778	0.00199	0.001245	0.001082	0.000691	0.000839	0.000765	0.000971	0.000616	0.000612	0.000778	0.000821	0.000699	0.001017	0.001133	0.000945	0.001624	0.001479	0.00161	0.001884	0.002357	0.002028	0.001575	0.002081	0.001189	0.00185	0.002571	0.002369	0.001593	0.001952	0.001814	0.002213	0.002035	0.002141	0.002515	0.002845	0.002379	0.002719	0.003076	0.002803	0.003418	0.00318	0.003256	0.004266	0.004752	0.004583	0.004883	0.005713	0.007532	0.006748	0.007356	0.012231	0.010547	0.0116	0.010514	0.015285	0.014008	0.018002	0.017313	0.016797	0.017872	0.026632	0.02793	0.028117	0.034095	0.036184	0.039649	0.041439	0.043169	0.050005	0.050424	0.059341	0.063702	0.065246	0.080062	0.082062	0.089768	0.097324	0.106257	0.116065	0.123721	0.128496	0.14178	0.171337	0.184889	0.226627	0.225068	0.196982	0.271332	0.25321	0.259575	0.32345	0.292931	0.261097	0.227349	0.402906	0.32041	0.106477	0.35098	0.681431
0.030304	0.002764	0.001908	0.001529	0.00087	0.000498	0.000601	0.000416	0.000807	0.0007	0.000722	0.000993	0.000552	0.000292	0.000696	0.001349	0.001338	0.00094	0.001979	0.002056	0.002257	0.00172	0.001546	0.00253	0.00166	0.00182	0.001544	0.001667	0.001409	0.001803	0.002218	0.001265	0.002392	0.001686	0.00101	0.002059	0.001985	0.001741	0.002504	0.002128	0.003125	0.002859	0.003835	0.003758	0.003849	0.004566	0.004683	0.005791	0.006558	0.007861	0.006471	0.00566	0.011465	0.011095	0.01179	0.010512	0.013385	0.015594	0.019386	0.018514	0.017857	0.018426	0.027733	0.025963	0.030401	0.032297	0.032458	0.036368	0.041234	0.044572	0.047057	0.043655	0.057312	0.065644	0.074809	0.070676	0.087795	0.089186	0.098181	0.100337	0.111558	0.101103	0.125823	0.154704	0.163336	0.151829	0.17597	0.194948	0.197916	0.231908	0.251337	0.164236	0.259475	0.337695	0.385582	0.305085	0.419752	0.559649	0.178598	0.726744	0.312826
0.028134	0.002852	0.001735	0.001457	0.000782	0.001113	0.000703	0.000428	0.000461	0.000301	0.000321	0.000276	0.00066	0.00066	0.000756	0.000945	0.001075	0.001263	0.001368	0.002042	0.002625	0.002883	0.002055	0.00207	0.00153	0.002387	0.001524	0.001388	0.002328	0.001577	0.001591	0.00129	0.002043	0.002167	0.001463	0.001936	0.002341	0.002343	0.002095	0.002706	0.002686	0.00212	0.003421	0.003247	0.003456	0.004297	0.00449	0.005162	0.006055	0.005991	0.007463	0.006859	0.007809	0.009362	0.011996	0.009162	0.016012	0.01462	0.01595	0.019703	0.027459	0.019686	0.025178	0.029269	0.03063	0.03595	0.035864	0.037872	0.036669	0.042797	0.044008	0.042644	0.058482	0.063965	0.078198	0.074687	0.090709	0.082434	0.102038	0.106062	0.115268	0.102292	0.13628	0.140894	0.183982	0.182029	0.210664	0.201236	0.222412	0.234516	0.231266	0.228006	0.360577	0.307824	0.277024	0.238133	0.240701	0.413972	0.160664	0.505263	0.513479
0.029668	0.003286	0.001432	0.001143	0.000648	0.000738	0.000861	0.000741	0.000596	0.000551	0.000901	0.000427	0.000552	0.000494	0.000824	0.000697	0.00145	0.001478	0.001888	0.001576	0.002029	0.001737	0.001713	0.002237	0.001352	0.001497	0.001523	0.00163	0.001684	0.001494	0.00194	0.001264	0.001604	0.001313	0.001683	0.002356	0.002218	0.002043	0.002259	0.003448	0.00234	0.002533	0.003248	0.003064	0.003392	0.004195	0.004613	0.005897	0.004861	0.006731	0.006272	0.0089	0.008801	0.010023	0.012182	0.014672	0.013752	0.014608	0.016153	0.018072	0.01906	0.022919	0.024214	0.020688	0.030726	0.03354	0.032179	0.038247	0.04172	0.041447	0.049258	0.047611	0.058214	0.060445	0.076431	0.076677	0.07986	0.085301	0.108113	0.113776	0.11023	0.105104	0.121476	0.130149	0.169097	0.159139	0.175275	0.20297	0.212373	0.243419	0.231371	0.240904	0.190041	0.396571	0.306132	0.297528	0.451079	0.402313	0.448207	0.609385	0.680787
0.025838	0.002329	0.001415	0.001278	0.000912	0.001009	0.000813	0.000731	0.000287	0.000212	0.000686	0.000648	0.000745	0.000661	0.000547	0.001152	0.000583	0.001136	0.001406	0.001597	0.001706	0.001944	0.002148	0.002115	0.001098	0.001922	0.001413	0.001698	0.001804	0.001422	0.002224	0.00168	0.001828	0.001668	0.001701	0.001475	0.002007	0.001781	0.001879	0.002812	0.003214	0.002537	0.003583	0.003112	0.003851	0.003973	0.004365	0.004395	0.006516	0.005415	0.008312	0.007234	0.008368	0.008553	0.010844	0.011747	0.01381	0.015702	0.015802	0.019585	0.022757	0.017664	0.021031	0.026648	0.02771	0.033773	0.031148	0.037909	0.042809	0.045515	0.049962	0.045842	0.056155	0.071191	0.074703	0.080511	0.092876	0.08089	0.104838	0.118513	0.123517	0.110293	0.126473	0.158038	0.187274	0.195149	0.213993	0.230711	0.231794	0.207	0.259072	0.225989	0.354475	0.347436	0.308766	0.433803	0.403565	0.497719	0.670672	0.673552	0.450958
0.028376	0.002593	0.001645	0.001223	0.00074	0.000948	0.0006	0.000926	0.000364	0.000734	0.000507	0.000228	0.000695	0.000531	0.000548	0.001036	0.000878	0.001802	0.001882	0.001392	0.00227	0.001551	0.001987	0.002045	0.001658	0.001812	0.001566	0.001461	0.001683	0.001232	0.002142	0.001718	0.002048	0.001636	0.002299	0.001431	0.002137	0.002062	0.002464	0.002	0.002364	0.003259	0.00309	0.003516	0.003181	0.004419	0.005584	0.006145	0.005292	0.006192	0.006701	0.006687	0.010977	0.009447	0.010062	0.011708	0.01443	0.015479	0.015964	0.017661	0.020629	0.021169	0.024234	0.029687	0.030904	0.037294	0.035039	0.042865	0.042025	0.047918	0.057197	0.051373	0.062941	0.070666	0.076739	0.078128	0.101485	0.09328	0.101302	0.114408	0.123149	0.123599	0.136978	0.153856	0.177762	0.212627	0.203642	0.25858	0.20845	0.232221	0.254857	0.235343	0.2835	0.273533	0.441826	0.36171	0.384936	0.703527	0.167879	0.126236	0.194301
0.027034	0.002928	0.002058	0.001044	0.000878	0.000659	0.000904	0.000716	0.000601	0.000604	0.000325	0.000632	0.000408	0.000594	0.000476	0.000983	0.001087	0.000985	0.001791	0.002612	0.002499	0.001227	0.002014	0.001257	0.001176	0.001625	0.001784	0.001351	0.00201	0.00142	0.001708	0.001578	0.001281	0.001852	0.001377	0.002665	0.001617	0.001992	0.001978	0.002168	0.002135	0.001994	0.003742	0.003228	0.003372	0.004947	0.003782	0.003918	0.005995	0.007871	0.007065	0.005771	0.009466	0.010196	0.010434	0.013302	0.011727	0.015484	0.016183	0.015836	0.019723	0.019867	0.021815	0.027158	0.031048	0.034966	0.032611	0.03494	0.037764	0.04441	0.051194	0.04587	0.062839	0.062654	0.075297	0.075336	0.080935	0.093226	0.107875	0.118621	0.109862	0.110441	0.136649	0.136276	0.160195	0.165868	0.191764	0.196434	0.197302	0.255803	0.257347	0.303117	0.264448	0.353531	0.314278	0.401696	0.263538	0.354296	0.415167	0.326087	0.507901
0.027142	0.00253	0.001359	0.001009	0.000893	0.000495	0.000387	0.000588	0.000793	0.0004	0.000361	0.000527	0.000588	0.000633	0.00079	0.000845	0.000654	0.000978	0.00191	0.001152	0.001861	0.001377	0.001559	0.001792	0.002211	0.001435	0.001877	0.001309	0.001341	0.001563	0.001967	0.001033	0.001149	0.001823	0.002399	0.001248	0.002088	0.002064	0.002913	0.002383	0.002655	0.00199	0.002846	0.002895	0.004072	0.004365	0.00432	0.005151	0.006184	0.007668	0.006698	0.007196	0.007186	0.009868	0.010883	0.009798	0.013832	0.013628	0.01632	0.021997	0.019175	0.019029	0.025768	0.0293	0.03111	0.037234	0.033116	0.037383	0.038519	0.045566	0.048229	0.048888	0.061312	0.069062	0.074638	0.081869	0.087038	0.086109	0.104777	0.121122	0.124036	0.113457	0.140872	0.156443	0.16524	0.176055	0.216792	0.233736	0.228492	0.238171	0.25955	0.27944	0.392988	0.305859	0.333474	0.411269	0.538841	0.660925	0.487884	0.511727	0.507901
0.026084	0.002502	0.001151	0.000698	0.000972	0.000632	0.000569	0.000501	0.000547	0.000791	0.000359	0.0004	0.000283	0.000335	0.000542	0.000593	0.000952	0.001422	0.001306	0.00142	0.001383	0.001243	0.001444	0.001556	0.001027	0.001098	0.001495	0.001401	0.001111	0.00134	0.001493	0.001527	0.001579	0.001511	0.002005	0.00172	0.002363	0.00202	0.002131	0.002049	0.002497	0.001877	0.004218	0.003147	0.004538	0.004018	0.004949	0.005884	0.006231	0.007755	0.007717	0.006507	0.010061	0.009597	0.010208	0.011622	0.01233	0.014013	0.018195	0.019244	0.019712	0.020937	0.025848	0.025164	0.029144	0.030428	0.032462	0.037192	0.043719	0.045381	0.050048	0.048543	0.057446	0.061374	0.065573	0.079423	0.091026	0.093042	0.100602	0.11137	0.111248	0.113695	0.141466	0.163669	0.168352	0.180181	0.196941	0.208624	0.205813	0.262326	0.224235	0.232817	0.289408	0.333519	0.445912	0.25291	0.675241	0.237647	0.829589	0.172364	0.38059
0.027179	0.002724	0.001095	0.00085	0.000662	0.000719	0.000294	0.000525	0.000421	0.000272	0.000511	0.000436	0.000599	0.000443	0.000711	0.000813	0.000989	0.001009	0.001151	0.001467	0.001198	0.001439	0.001424	0.002021	0.001605	0.001422	0.00163	0.001081	0.001866	0.001953	0.001193	0.001037	0.001528	0.001702	0.001329	0.001995	0.002008	0.002287	0.001963	0.003275	0.002511	0.001989	0.002893	0.003545	0.004614	0.004554	0.004811	0.004847	0.006837	0.006946	0.007191	0.007712	0.009834	0.011062	0.01109	0.012491	0.013777	0.014435	0.01615	0.018465	0.022344	0.022402	0.022715	0.030255	0.032942	0.030524	0.034039	0.039442	0.04316	0.04692	0.042937	0.05206	0.059437	0.068015	0.072015	0.083339	0.091801	0.083303	0.101406	0.106884	0.110769	0.114696	0.118687	0.16375	0.152717	0.187688	0.205823	0.225414	0.188265	0.270312	0.214742	0.279621	0.28945	0.300425	0.326514	0.411265	0.288378	0.235701	0.25413	0.704639	0.263736
0.02395	0.002579	0.001371	0.000967	0.000712	0.000486	0.000604	0.000763	0.000559	0.000304	0.000772	0.00043	0.000395	0.000676	0.000523	0.000584	0.000722	0.001389	0.001808	0.001856	0.001513	0.001684	0.001602	0.001777	0.001413	0.001185	0.000934	0.001278	0.001075	0.001125	0.001533	0.001535	0.001646	0.002445	0.001152	0.001559	0.002211	0.002173	0.002166	0.003081	0.002503	0.002972	0.002418	0.002923	0.00393	0.004623	0.004206	0.006811	0.006633	0.006543	0.007532	0.007402	0.008844	0.009253	0.012067	0.009581	0.012331	0.016843	0.016603	0.017926	0.018784	0.018621	0.024586	0.030098	0.031886	0.033687	0.035272	0.039058	0.041271	0.043581	0.056144	0.046788	0.061347	0.067494	0.077079	0.080058	0.082604	0.096323	0.105696	0.118797	0.1216	0.115885	0.143171	0.163679	0.171782	0.21466	0.217749	0.233131	0.227762	0.244885	0.275008	0.237669	0.288652	0.382176	0.477417	0.56538	0.470241	0.154909	0.493472	0.563645	0
0.022544	0.002344	0.001116	0.000589	0.000896	0.000574	0.000587	0.000282	0.000579	0.000408	0.000417	0.000423	0.000467	0.000433	0.000714	0.000963	0.000792	0.001447	0.001242	0.001377	0.001739	0.001458	0.001789	0.001649	0.001212	0.00114	0.00169	0.001323	0.001668	0.0016	0.000917	0.0012	0.001837	0.001338	0.002194	0.001932	0.001846	0.001605	0.001387	0.002713	0.003301	0.003043	0.004124	0.002829	0.003642	0.004592	0.005932	0.005272	0.007098	0.006094	0.006224	0.007275	0.008892	0.01114	0.010697	0.011563	0.012821	0.016266	0.017143	0.018521	0.017808	0.017674	0.025927	0.028832	0.033014	0.036262	0.032629	0.037102	0.04008	0.049483	0.050592	0.054497	0.064067	0.076117	0.074815	0.090451	0.088738	0.095281	0.114433	0.118819	0.125231	0.116134	0.149492	0.146043	0.165743	0.184313	0.196562	0.232274	0.279005	0.275383	0.280527	0.238126	0.324556	0.305257	0.400503	0.298854	0.254465	0.18184	0.409696	0.614544	1.097896
0.021892	0.002028	0.001564	0.000955	0.00078	0.000725	0.000538	0.000378	0.000422	0.000144	0.000443	0.00034	0.000537	0.00066	0.000354	0.000754	0.000683	0.001337	0.001312	0.001238	0.00153	0.001195	0.001673	0.001078	0.001522	0.001199	0.001511	0.001548	0.00177	0.001328	0.001322	0.001373	0.001135	0.001586	0.001577	0.001456	0.001804	0.002139	0.001894	0.00294	0.002706	0.002993	0.002601	0.003945	0.004263	0.003635	0.005114	0.006535	0.006422	0.0076	0.007698	0.008725	0.009285	0.010164	0.011257	0.012978	0.014232	0.014599	0.017568	0.019752	0.020897	0.019918	0.02382	0.031839	0.033073	0.036644	0.034744	0.040901	0.041269	0.044123	0.050274	0.045553	0.058863	0.071464	0.079198	0.084	0.093173	0.095242	0.115114	0.116172	0.118335	0.129242	0.150836	0.155231	0.186245	0.156472	0.20955	0.237226	0.256723	0.292929	0.320261	0.257319	0.359709	0.319703	0.335162	0.320018	0.646552	0.415887	0.46146	0.487277	0.60241
0.0224	0.002204	0.00091	0.00084	0.000695	0.000352	0.000654	0.000602	0.000411	0.00035	0.000251	0.000478	0.000301	0.000381	0.00089	0.000787	0.000877	0.00125	0.0018	0.001539	0.001727	0.001266	0.001408	0.001604	0.001124	0.001283	0.001258	0.001624	0.001406	0.002228	0.002287	0.00153	0.001635	0.002075	0.001527	0.001686	0.002478	0.002102	0.002354	0.002459	0.002631	0.002792	0.003033	0.004306	0.00476	0.004498	0.005149	0.004699	0.005861	0.007221	0.00852	0.008999	0.008206	0.010694	0.011199	0.010904	0.015204	0.014675	0.01799	0.022675	0.024874	0.021764	0.027456	0.029942	0.026567	0.036261	0.031667	0.042808	0.039579	0.052377	0.054588	0.051848	0.056535	0.066029	0.075927	0.089009	0.089298	0.084736	0.102141	0.125319	0.108127	0.118411	0.133548	0.143653	0.190011	0.185733	0.180668	0.213379	0.229645	0.193164	0.301442	0.253188	0.396061	0.299252	0.427364	0.38489	0.304195	0.228763	0.721233	0.518882	0.686342
0.020749	0.001944	0.00135	0.000842	0.000618	0.000685	0.00035	0.000455	0.000599	0.000477	0.000452	0.000784	0.000514	0.000412	0.000533	0.000698	0.001146	0.001359	0.002022	0.001678	0.001719	0.001834	0.001424	0.001719	0.001705	0.0017	0.001226	0.000534	0.001239	0.001152	0.002185	0.001385	0.001531	0.001893	0.001953	0.002002	0.00216	0.002113	0.002675	0.002212	0.002685	0.003199	0.003388	0.003679	0.00334	0.004919	0.004914	0.0056	0.006584	0.007392	0.006914	0.008101	0.010296	0.011497	0.010456	0.013376	0.014738	0.015431	0.018021	0.022312	0.022626	0.023665	0.026079	0.027585	0.032021	0.038044	0.03861	0.036485	0.047029	0.049794	0.056	0.061375	0.068054	0.068744	0.082947	0.083558	0.094117	0.092814	0.098787	0.125026	0.132121	0.130161	0.137049	0.154554	0.181257	0.202444	0.225308	0.211295	0.254315	0.213632	0.284063	0.242595	0.275353	0.309601	0.295863	0.354344	0.499307	0.630128	0.671987	0.361301	0.267261
0.020841	0.001968	0.000992	0.000962	0.000684	0.000614	0.000527	0.000475	0.000324	0.000531	0.000679	0.000243	0.000534	0.000512	0.000561	0.0008	0.001126	0.001424	0.001566	0.002194	0.00186	0.001934	0.00166	0.001909	0.00119	0.001178	0.001759	0.001558	0.001246	0.001742	0.001332	0.001555	0.001718	0.001465	0.002353	0.002707	0.002245	0.002042	0.00259	0.002728	0.003205	0.002584	0.003622	0.00291	0.003321	0.005233	0.004999	0.006826	0.006551	0.007547	0.008166	0.007934	0.011458	0.012026	0.011483	0.012532	0.014994	0.016659	0.018567	0.020268	0.019942	0.019534	0.029399	0.028637	0.029933	0.034935	0.032023	0.040035	0.043598	0.045779	0.047413	0.049247	0.059465	0.068885	0.068777	0.080012	0.098181	0.08091	0.098863	0.110104	0.117392	0.102509	0.133832	0.143249	0.162318	0.164327	0.17949	0.219146	0.192872	0.242681	0.277993	0.227819	0.259261	0.282635	0.375992	0.562139	0.245818	0.479157	0.344669	0.129842	0.319574
0.021676	0.001725	0.001106	0.000994	0.000867	0.000591	0.000676	0.00059	0.000697	0.000292	0.000432	0.000646	0.000278	0.00057	0.000293	0.000824	0.000916	0.001673	0.001717	0.001665	0.002108	0.001957	0.00161	0.001436	0.001402	0.00077	0.001571	0.001612	0.001349	0.00126	0.001376	0.001281	0.001434	0.001998	0.001672	0.001842	0.002599	0.001829	0.002837	0.002543	0.002868	0.002703	0.002897	0.004559	0.003735	0.004416	0.004892	0.006069	0.006471	0.007406	0.006892	0.007894	0.008892	0.010487	0.012707	0.011202	0.01367	0.015716	0.016884	0.021953	0.022289	0.022401	0.025768	0.031031	0.032583	0.033361	0.033178	0.043053	0.052919	0.045856	0.05373	0.055717	0.070624	0.069126	0.075109	0.080926	0.096159	0.101174	0.10838	0.112936	0.124283	0.124614	0.147336	0.144774	0.170854	0.186247	0.24145	0.250773	0.28136	0.321253	0.275146	0.287667	0.317684	0.350266	0.380847	0.268676	0.304613	0.30722	0.526694	0.426894	0.57971
0.020141	0.001739	0.001366	0.000875	0.000898	0.000645	0.000903	0.000493	0.000466	0.000413	0.000228	0.0003	0.000512	0.000522	0.000392	0.000587	0.000976	0.001492	0.002119	0.001452	0.001896	0.001522	0.001558	0.001636	0.001037	0.001366	0.001335	0.001744	0.001301	0.001303	0.001208	0.001446	0.001799	0.001512	0.001938	0.001816	0.001658	0.002231	0.00202	0.002308	0.002687	0.003318	0.003841	0.003511	0.003545	0.004389	0.005282	0.005694	0.006175	0.007489	0.006672	0.007645	0.00944	0.011203	0.011065	0.014614	0.014345	0.014125	0.018689	0.018935	0.019495	0.023393	0.025873	0.026272	0.03239	0.03607	0.037718	0.037257	0.04376	0.050749	0.052533	0.057539	0.061019	0.070612	0.078205	0.094969	0.093756	0.090855	0.097788	0.124054	0.118446	0.131181	0.135012	0.155341	0.171644	0.178359	0.204702	0.221944	0.220868	0.289675	0.238639	0.282669	0.375928	0.390854	0.308619	0.476702	0.500159	0.450547	0.753323	0.519555	0.170455
0.018707	0.002081	0.001249	0.000638	0.000507	0.000534	0.00077	0.000654	0.000554	0.000343	0.000413	0.000357	0.000934	0.000647	0.000557	0.000785	0.001066	0.001771	0.001658	0.002335	0.001222	0.00221	0.001672	0.001253	0.001727	0.001763	0.001584	0.001602	0.001305	0.001674	0.001468	0.001017	0.002191	0.001932	0.002237	0.002069	0.00229	0.002316	0.002609	0.002877	0.00286	0.003863	0.003318	0.003548	0.005016	0.005187	0.005109	0.006355	0.006749	0.007184	0.005968	0.008732	0.008467	0.010572	0.010947	0.013876	0.015942	0.014792	0.017186	0.01883	0.023548	0.023119	0.024496	0.028441	0.031627	0.037373	0.040124	0.037499	0.042297	0.058501	0.054568	0.051413	0.063457	0.064646	0.075271	0.085187	0.100794	0.10205	0.101576	0.116732	0.119698	0.108554	0.147045	0.147019	0.174304	0.18048	0.185761	0.236438	0.264516	0.26796	0.286672	0.258047	0.331409	0.289958	0.278965	0.44369	0.426647	0.383338	0.486092	0.542916	0.564042
0.018612	0.002235	0.000783	0.000598	0.000639	0.000674	0.000526	0.000479	0.000434	0.000431	0.000217	0.00041	0.000324	0.000731	0.000476	0.000555	0.00086	0.001409	0.00237	0.001798	0.001322	0.00173	0.00148	0.001457	0.001598	0.001803	0.001124	0.001393	0.000875	0.000964	0.001437	0.001049	0.001603	0.00125	0.001806	0.001833	0.001328	0.002524	0.002633	0.002525	0.00286	0.002971	0.003982	0.00384	0.004043	0.004569	0.005331	0.004556	0.006338	0.006228	0.006898	0.009206	0.009532	0.011353	0.01139	0.012531	0.013913	0.016216	0.017205	0.021575	0.024418	0.022457	0.025275	0.027263	0.031071	0.036938	0.03856	0.033546	0.046402	0.046886	0.04818	0.057644	0.059548	0.068806	0.076571	0.091511	0.081406	0.082838	0.109772	0.107779	0.120548	0.123167	0.144093	0.164394	0.172891	0.200759	0.186785	0.223692	0.20936	0.235604	0.265473	0.228941	0.266467	0.310537	0.382007	0.480759	0.447837	0.414532	0.229951	0.596337	0.7034
0.017782	0.001635	0.001137	0.000821	0.000364	0.000466	0.000298	0.000195	0.000412	0.000432	0.000245	0.000277	0.000377	0.000452	0.000298	0.000711	0.00164	0.001664	0.002217	0.001855	0.002528	0.001783	0.001374	0.001641	0.001062	0.001225	0.000837	0.001198	0.001318	0.001176	0.001678	0.001298	0.00153	0.001768	0.001308	0.001598	0.001944	0.002022	0.002243	0.002406	0.002559	0.002598	0.003032	0.003284	0.003134	0.004117	0.004397	0.004545	0.007236	0.006446	0.007104	0.008572	0.008991	0.010649	0.01243	0.011846	0.015265	0.015171	0.016877	0.017851	0.019496	0.022151	0.026087	0.028998	0.032261	0.034417	0.032934	0.039093	0.040657	0.046956	0.045062	0.058514	0.063863	0.0671	0.068127	0.082116	0.092518	0.083808	0.110733	0.116107	0.115726	0.129634	0.128228	0.152458	0.176619	0.166497	0.194673	0.205585	0.256246	0.231391	0.253465	0.233239	0.337413	0.317938	0.29798	0.337341	0.523853	0.450813	0.646262	0.478469	0.811908
0.018894	0.001714	0.000926	0.001035	0.000553	0.000458	0.000591	0.000557	0.000453	0.000504	0.000307	0.000364	0.000367	0.000626	0.000772	0.001123	0.00139	0.001784	0.002247	0.002327	0.002473	0.002259	0.001662	0.001814	0.001247	0.001631	0.001501	0.001361	0.001171	0.001235	0.001408	0.001436	0.001075	0.001131	0.001572	0.001595	0.002269	0.0023	0.001679	0.002799	0.002632	0.00279	0.002893	0.004101	0.00395	0.004724	0.005458	0.005307	0.006788	0.007806	0.007759	0.008146	0.009953	0.009741	0.01096	0.013599	0.01615	0.015906	0.019021	0.020932	0.019748	0.021017	0.023699	0.02824	0.031192	0.035761	0.037515	0.039823	0.044624	0.049249	0.048786	0.053168	0.064834	0.074731	0.071934	0.081989	0.083078	0.09404	0.094624	0.119977	0.114858	0.118638	0.145832	0.144335	0.164359	0.175662	0.194519	0.221847	0.220667	0.244437	0.282911	0.324776	0.375338	0.275994	0.257108	0.436222	0.334975	0.354172	0.460083	0.674482	0.777958
0.0184	0.001224	0.000852	0.000824	0.000576	0.000417	0.000452	0.000488	0.00026	0.000545	0.000405	0.000243	0.000422	0.000638	0.000964	0.000963	0.001419	0.001393	0.002553	0.001953	0.001719	0.001738	0.001339	0.001283	0.001753	0.00188	0.001437	0.001257	0.001148	0.001334	0.001505	0.001282	0.001771	0.00182	0.001384	0.001777	0.001632	0.001933	0.002199	0.002351	0.002892	0.002503	0.003082	0.00385	0.004046	0.003944	0.004664	0.005844	0.00622	0.007449	0.008862	0.007995	0.009139	0.009818	0.010967	0.013466	0.014083	0.015178	0.015327	0.018768	0.021253	0.021005	0.021519	0.026793	0.034485	0.035253	0.032224	0.034342	0.043216	0.045718	0.052703	0.050465	0.062394	0.066777	0.075791	0.079262	0.086339	0.090228	0.097862	0.113828	0.109396	0.11371	0.136491	0.154706	0.179525	0.195395	0.206786	0.213391	0.226365	0.240523	0.298332	0.243637	0.315754	0.31243	0.482734	0.2714	0.428019	0.225606	0.464001	0.516944	0.785597
0.018401	0.001475	0.001218	0.000847	0.000689	0.000688	0.000851	0.000542	0.000482	0.000419	0.000316	0.000278	0.000422	0.000567	0.000422	0.000623	0.001253	0.001594	0.001946	0.00236	0.001594	0.002184	0.00174	0.001613	0.000841	0.000804	0.001574	0.001091	0.001432	0.001568	0.001126	0.001351	0.001481	0.001617	0.001211	0.002109	0.001644	0.001625	0.002376	0.002468	0.002585	0.003198	0.002929	0.003216	0.003833	0.004711	0.005257	0.005601	0.005933	0.00795	0.007615	0.008119	0.009184	0.010813	0.011799	0.012593	0.013325	0.013696	0.015561	0.017869	0.02275	0.021386	0.024871	0.028637	0.029807	0.031577	0.032545	0.035466	0.038529	0.050392	0.048653	0.051069	0.054239	0.068121	0.082653	0.073091	0.0834	0.082209	0.102954	0.102045	0.109477	0.113155	0.150174	0.152449	0.162785	0.186813	0.197663	0.201855	0.220334	0.286423	0.266454	0.258563	0.337701	0.341804	0.312	0.413855	0.356608	0.374634	0.499722	0.633413	0.657174
0.01558	0.001071	0.000736	0.000993	0.000717	0.000585	0.000525	0.000219	0.000349	0.000288	0.000319	0.000347	0.00043	0.000479	0.000594	0.000635	0.00134	0.002037	0.002107	0.001727	0.001816	0.001961	0.001686	0.001533	0.002157	0.001326	0.00109	0.001207	0.00128	0.001189	0.001264	0.001041	0.001154	0.00149	0.001603	0.001056	0.00189	0.002441	0.001954	0.002474	0.002107	0.003037	0.002858	0.003458	0.004266	0.004236	0.004409	0.005088	0.007035	0.006465	0.007665	0.007273	0.0096	0.009424	0.010959	0.011992	0.013317	0.015699	0.015849	0.018671	0.019237	0.021471	0.020827	0.028643	0.028501	0.034234	0.034113	0.039987	0.038287	0.045291	0.052138	0.05427	0.064942	0.06952	0.07324	0.080422	0.097399	0.080873	0.096605	0.11429	0.113154	0.118094	0.136095	0.148742	0.183567	0.169615	0.225359	0.215003	0.224728	0.244583	0.277874	0.310091	0.330184	0.311598	0.409037	0.287032	0.550459	0.479348	0.554255	0.513699	0.421447
0.017094	0.001396	0.000776	0.000872	0.00077	0.000529	0.000246	0.000495	0.000439	0.000317	0.00032	0.000385	0.000347	0.000705	0.000569	0.000923	0.001604	0.001974	0.002741	0.002167	0.002813	0.002533	0.001943	0.001537	0.001572	0.001672	0.001433	0.001712	0.001784	0.001826	0.001245	0.001499	0.001717	0.001769	0.00158	0.001477	0.002569	0.001581	0.002047	0.002264	0.002988	0.002523	0.003887	0.003858	0.00355	0.003886	0.004724	0.005807	0.006454	0.007175	0.007469	0.007079	0.009484	0.010016	0.011157	0.01097	0.013994	0.014228	0.015928	0.01998	0.01985	0.019865	0.023577	0.025555	0.03023	0.032337	0.033308	0.036307	0.044255	0.042767	0.04686	0.053339	0.062119	0.068973	0.075315	0.071872	0.087586	0.100653	0.102725	0.113187	0.116205	0.12282	0.150466	0.147243	0.186508	0.168002	0.193136	0.214072	0.223393	0.222726	0.286187	0.281549	0.282932	0.274689	0.30441	0.463724	0.480869	0.443254	0.83397	0.542618	0.787574
0.015827	0.001002	0.00088	0.000709	0.000676	0.000323	0.000345	0.000341	0.000406	0.000346	0.000383	0.00021	0.00029	0.000537	0.000739	0.000722	0.001106	0.001829	0.001919	0.001759	0.00182	0.002077	0.002094	0.001691	0.001577	0.001652	0.001463	0.001462	0.001328	0.001342	0.000824	0.001724	0.001159	0.000938	0.001577	0.002137	0.001896	0.001829	0.002116	0.00221	0.002444	0.002926	0.002286	0.00346	0.004279	0.003841	0.005607	0.006183	0.005765	0.006469	0.00646	0.00653	0.008883	0.009852	0.01141	0.011918	0.011595	0.015068	0.017201	0.016044	0.017713	0.020407	0.024458	0.027744	0.029881	0.030195	0.032182	0.033124	0.037861	0.046751	0.048706	0.051689	0.060912	0.068404	0.07246	0.077421	0.069128	0.085267	0.095687	0.101665	0.103294	0.107839	0.117025	0.14226	0.143265	0.158983	0.167362	0.182495	0.234266	0.251165	0.231984	0.217919	0.269605	0.364523	0.332134	0.285323	0.288193	0.368874	0.640604	0.311203	0.837321
0.015098	0.001299	0.000752	0.000443	0.000573	0.000547	0.000294	0.000317	0.000376	0.000189	0.000254	0.000371	0.000391	0.000518	0.000445	0.001038	0.000848	0.001749	0.001837	0.002007	0.002043	0.001815	0.001908	0.001196	0.001247	0.001112	0.001904	0.001501	0.001065	0.001176	0.00146	0.001313	0.001655	0.001371	0.001308	0.001286	0.001789	0.002124	0.002254	0.001485	0.002813	0.002345	0.003264	0.002687	0.003884	0.004425	0.004749	0.005497	0.005457	0.006711	0.00661	0.008677	0.008392	0.010516	0.010806	0.011043	0.013065	0.013198	0.015792	0.018186	0.020931	0.021463	0.023046	0.022736	0.029857	0.031213	0.031158	0.038184	0.039958	0.0402	0.045381	0.055335	0.058219	0.064275	0.070249	0.071984	0.088111	0.085221	0.105993	0.115327	0.122359	0.116666	0.134302	0.159143	0.153835	0.143578	0.206926	0.182303	0.196042	0.206064	0.207756	0.245386	0.281313	0.230452	0.252522	0.349985	0.340999	0.452811	0.279478	0.555482	0.716161
0.014009	0.00132	0.000543	0.00057	0.000411	0.00036	0.000445	0.000362	0.000447	0.000315	0.000317	0.000255	0.000259	0.000295	0.000649	0.000721	0.000844	0.001467	0.001712	0.001675	0.002042	0.002164	0.001572	0.001767	0.001276	0.001792	0.001553	0.001936	0.001933	0.001502	0.0013	0.001656	0.001129	0.001297	0.001271	0.001377	0.001454	0.001752	0.001788	0.002104	0.002344	0.002617	0.002531	0.002201	0.003092	0.004197	0.003879	0.003997	0.005141	0.005487	0.006125	0.006461	0.00753	0.009744	0.009665	0.010115	0.014134	0.01276	0.014629	0.017311	0.018957	0.018635	0.025262	0.026159	0.02608	0.031858	0.034263	0.036511	0.038012	0.043942	0.048347	0.05158	0.057698	0.064801	0.066798	0.080136	0.095335	0.088904	0.093663	0.117917	0.115665	0.12892	0.156881	0.16796	0.167994	0.206415	0.187438	0.218269	0.221217	0.249122	0.234429	0.314028	0.339791	0.348912	0.43289	0.406174	0.377622	0.558704	0.653328	0.127741	0.878049
0.01297	0.001524	0.001023	0.000549	0.000691	0.000446	0.000445	0.000239	0.000329	0.00032	0.000253	0.000379	0.000255	0.000277	0.000655	0.000785	0.001036	0.001549	0.001929	0.001585	0.001882	0.001749	0.001805	0.001446	0.001318	0.001609	0.000909	0.001412	0.0008	0.001261	0.001445	0.001467	0.001632	0.001519	0.001414	0.00115	0.001233	0.001926	0.001713	0.002173	0.002389	0.00295	0.002439	0.003903	0.003447	0.003393	0.004776	0.004747	0.005722	0.006556	0.006866	0.005975	0.00816	0.009762	0.009489	0.010698	0.015095	0.01337	0.015504	0.015495	0.018686	0.018735	0.021163	0.022746	0.026559	0.030558	0.029743	0.036846	0.037672	0.040817	0.045198	0.046882	0.056386	0.061402	0.067908	0.071881	0.078197	0.08263	0.090855	0.09943	0.113599	0.122669	0.116501	0.119472	0.149019	0.1593	0.187316	0.196422	0.247025	0.200874	0.269918	0.203343	0.241893	0.389762	0.340927	0.346096	0.325219	0.371134	0.52	0.379187	0.689202
0.013123	0.001004	0.000706	0.000514	0.000433	0.000572	0.000239	0.000248	0.000307	0.000264	0.000256	0.000252	0.000221	0.000334	0.000455	0.00069	0.000822	0.001695	0.001968	0.001579	0.001946	0.001828	0.001884	0.00176	0.001687	0.001456	0.001413	0.001622	0.001274	0.001634	0.001438	0.001628	0.000962	0.001209	0.001629	0.001334	0.001324	0.002103	0.00234	0.001824	0.002767	0.002272	0.002093	0.00304	0.0034	0.003601	0.004482	0.005249	0.004572	0.004971	0.005733	0.006695	0.007939	0.007192	0.009167	0.009103	0.013784	0.014024	0.014778	0.015585	0.01866	0.018728	0.023839	0.021415	0.029562	0.02461	0.033103	0.038649	0.041103	0.039894	0.045381	0.047737	0.05374	0.058466	0.065387	0.066339	0.079962	0.081145	0.10102	0.095766	0.116184	0.117679	0.132277	0.146717	0.15106	0.182002	0.162733	0.188857	0.183276	0.230057	0.257298	0.271462	0.317934	0.352857	0.226982	0.360577	0.259701	0.352491	0.402062	0.333333	0.363967
0.013765	0.00067	0.000808	0.000548	0.000473	0.000313	0.000304	0.00022	0.000459	0.000409	0.000363	0.000192	0.000221	0.000408	0.00054	0.001073	0.001115	0.001117	0.001814	0.001364	0.002097	0.001878	0.002016	0.001329	0.002075	0.001506	0.001307	0.001471	0.001126	0.001156	0.001278	0.001204	0.001288	0.001086	0.001356	0.001331	0.001468	0.001417	0.001595	0.002121	0.002227	0.002121	0.002292	0.003334	0.00295	0.003291	0.004394	0.00535	0.005071	0.00578	0.005719	0.005294	0.007107	0.006522	0.010403	0.01088	0.011952	0.012463	0.015738	0.017019	0.017941	0.017417	0.022101	0.023699	0.025525	0.030026	0.031055	0.033318	0.036567	0.042126	0.038892	0.048396	0.057433	0.056196	0.065848	0.074052	0.080803	0.094365	0.097406	0.099858	0.115023	0.107936	0.133824	0.127952	0.151008	0.16616	0.169688	0.222857	0.2122	0.187792	0.233952	0.269403	0.24663	0.334465	0.350718	0.388783	0.370408	0.467798	0.281849	0.355556	0.526316
0.013586	0.001365	0.000667	0.000729	0.000509	0.000471	0.000429	0.000265	0.000256	0.000317	0.000102	0.000396	0.000096	0.000505	0.000564	0.000793	0.000939	0.001473	0.001677	0.001638	0.001761	0.001857	0.00099	0.00148	0.001784	0.001493	0.00129	0.001736	0.001039	0.000637	0.001458	0.001628	0.001695	0.001415	0.001491	0.00171	0.001278	0.001496	0.001917	0.001636	0.001897	0.002214	0.003243	0.002696	0.003198	0.003305	0.003755	0.004281	0.003735	0.005658	0.006673	0.005762	0.007023	0.008158	0.00945	0.009871	0.011354	0.012388	0.014462	0.015841	0.017693	0.017354	0.020459	0.022367	0.02313	0.02737	0.029814	0.028998	0.034754	0.039477	0.042631	0.047997	0.054239	0.060294	0.061325	0.071836	0.076799	0.080033	0.091058	0.098795	0.113284	0.108232	0.12417	0.132409	0.144723	0.167537	0.166769	0.214878	0.222422	0.187784	0.221115	0.266535	0.261862	0.244086	0.266521	0.262017	0.515326	0.332331	0.564284	0.44331	0.909091
0.012268	0.00089	0.000662	0.000433	0.000193	0.000313	0.000507	0.000311	0.000342	0.000293	0.000246	0.000136	0.000428	0.000415	0.000567	0.001189	0.001019	0.001436	0.001941	0.001898	0.001452	0.001632	0.001706	0.001791	0.001589	0.001512	0.001471	0.001894	0.001439	0.001253	0.001352	0.001243	0.001197	0.001242	0.001091	0.00135	0.001259	0.001293	0.001476	0.001518	0.002388	0.002019	0.002651	0.003126	0.002921	0.003367	0.004717	0.004469	0.005099	0.004383	0.005786	0.006175	0.00769	0.008696	0.008941	0.010838	0.010094	0.014108	0.014437	0.015017	0.018918	0.018822	0.02025	0.023457	0.024057	0.028074	0.027344	0.034403	0.037682	0.040809	0.038586	0.046464	0.054608	0.059918	0.069987	0.074533	0.075114	0.086667	0.092592	0.109992	0.109914	0.126651	0.142013	0.143998	0.151966	0.168207	0.197213	0.215088	0.211731	0.216391	0.268534	0.273687	0.323237	0.318771	0.339755	0.351277	0.379142	0.371258	0.431758	0.447168	0.693374
0.012687	0.001264	0.001007	0.000431	0.000712	0.000347	0.000311	0.000195	0.000117	0.000114	0.000402	0.000459	0.000545	0.000377	0.000446	0.000816	0.001012	0.001232	0.001916	0.002763	0.001698	0.00202	0.001937	0.002059	0.001472	0.001776	0.001608	0.001565	0.001434	0.001464	0.001487	0.001679	0.001287	0.001441	0.001406	0.001467	0.001708	0.001539	0.002687	0.002002	0.002049	0.00215	0.002232	0.002636	0.003017	0.002973	0.003378	0.004182	0.004049	0.005161	0.006084	0.006314	0.007665	0.009177	0.009742	0.010507	0.010253	0.011413	0.012646	0.014596	0.017333	0.01749	0.019712	0.023767	0.02618	0.028606	0.030398	0.030009	0.036348	0.038199	0.043896	0.049145	0.051534	0.063031	0.06327	0.067022	0.078131	0.085325	0.08809	0.091992	0.110587	0.119104	0.12604	0.132898	0.14369	0.173083	0.171646	0.188625	0.237896	0.234922	0.281073	0.239782	0.299007	0.29445	0.289357	0.349894	0.429615	0.459571	0.322234	0.359712	0.752823
0.010996	0.000908	0.000535	0.000698	0.000197	0.000396	0.000307	0.00043	0.000157	0.00047	0.000304	0.000366	0.00046	0.000341	0.000688	0.00086	0.001267	0.001513	0.001927	0.002174	0.002571	0.002119	0.001834	0.001984	0.001484	0.001585	0.001725	0.001354	0.001916	0.001206	0.001792	0.001523	0.001093	0.00149	0.001677	0.001587	0.001297	0.001577	0.002066	0.001584	0.001264	0.001859	0.002571	0.003094	0.002679	0.002787	0.003021	0.003794	0.004744	0.005495	0.007248	0.007691	0.007306	0.008219	0.008377	0.009576	0.010267	0.012804	0.013631	0.015019	0.015854	0.017229	0.017934	0.021069	0.023948	0.026517	0.029854	0.033139	0.034411	0.038206	0.04195	0.048155	0.052713	0.05751	0.060031	0.066219	0.072201	0.082024	0.090346	0.093929	0.109367	0.114774	0.134649	0.132873	0.137092	0.157817	0.179237	0.212229	0.20232	0.260703	0.23672	0.289508	0.273751	0.398551	0.317889	0.315706	0.269931	0.475895	0.407779	0.471286	0.547445
0.012475	0.001074	0.000398	0.00069	0.00043	0.000592	0.000118	0.000309	0.000276	0.000197	0.000274	0.000228	0.00022	0.000513	0.000341	0.000493	0.000851	0.001673	0.001851	0.002194	0.00172	0.002038	0.002167	0.002176	0.001904	0.001882	0.001535	0.001748	0.001266	0.001478	0.001649	0.00117	0.001429	0.001514	0.001887	0.001297	0.001964	0.002277	0.001674	0.001328	0.001796	0.002454	0.002541	0.002804	0.003077	0.002915	0.003237	0.00393	0.004527	0.004333	0.005398	0.006556	0.007473	0.006258	0.007837	0.009365	0.011029	0.012092	0.01238	0.014093	0.017004	0.01865	0.019416	0.02414	0.022099	0.025601	0.028278	0.033862	0.033125	0.034534	0.039104	0.04637	0.051188	0.054617	0.056499	0.071474	0.071986	0.083407	0.094709	0.090325	0.111035	0.118929	0.123296	0.136632	0.140827	0.149134	0.194222	0.212411	0.224153	0.200629	0.226391	0.23561	0.277046	0.272073	0.370837	0.363295	0.316398	0.369734	0.487359	0.641254	0.862895
0.012005	0.000894	0.000873	0.000493	0.000383	0.000235	0.000434	0.000356	0.000156	0.000434	0.000118	0.000314	0.000417	0.000365	0.000531	0.000819	0.001147	0.001881	0.001835	0.002476	0.002207	0.002579	0.001367	0.002077	0.00207	0.001658	0.001804	0.001419	0.001335	0.001644	0.001749	0.001057	0.001406	0.001293	0.001986	0.001364	0.001998	0.001481	0.001551	0.001536	0.001812	0.002443	0.002404	0.002596	0.002946	0.002791	0.002903	0.003697	0.0038	0.005127	0.005257	0.007073	0.00739	0.00738	0.007199	0.008661	0.008228	0.010107	0.012613	0.012078	0.013865	0.017301	0.018668	0.019631	0.024176	0.023395	0.026855	0.030935	0.037605	0.035225	0.038697	0.043057	0.047085	0.049516	0.060801	0.065663	0.071532	0.07762	0.084054	0.093142	0.109693	0.122856	0.111363	0.128437	0.138006	0.156831	0.16382	0.195982	0.199208	0.216041	0.251538	0.249008	0.22203	0.329526	0.351416	0.373015	0.350898	0.344872	0.481434	0.555658	0.249032
0.009971	0.000983	0.000821	0.000591	0.000528	0.000345	0.000235	0.00047	0.000198	0.000155	0.000078	0.000315	0.000352	0.000379	0.000331	0.000641	0.001108	0.001809	0.001527	0.002167	0.002371	0.002183	0.001838	0.001923	0.002437	0.001831	0.00184	0.00142	0.001539	0.001249	0.00132	0.001194	0.001172	0.001858	0.001563	0.001334	0.001434	0.001946	0.001536	0.001902	0.002051	0.001904	0.001933	0.003035	0.002461	0.00297	0.003046	0.003457	0.004406	0.003913	0.004462	0.004254	0.006088	0.007026	0.008493	0.008669	0.009213	0.011254	0.011385	0.013009	0.014822	0.015111	0.016455	0.019499	0.020713	0.022433	0.023929	0.030141	0.030976	0.036722	0.036635	0.037078	0.050321	0.054566	0.054336	0.06413	0.06392	0.077064	0.076278	0.092074	0.100647	0.112405	0.119293	0.124453	0.143049	0.150418	0.177438	0.155884	0.172951	0.205573	0.181291	0.227644	0.256824	0.323383	0.268133	0.257053	0.341999	0.334779	0.216047	0.393853	0.739985
0.009412	0.00053	0.000513	0.000554	0.000361	0.000259	0.000224	0.000264	0.000381	0.000153	0.000333	0.000265	0.000534	0.000152	0.000596	0.00051	0.000996	0.001172	0.001474	0.001628	0.001899	0.001532	0.001443	0.002102	0.001889	0.001451	0.001216	0.001317	0.001693	0.001284	0.001179	0.001478	0.001265	0.00112	0.001386	0.001913	0.00188	0.001746	0.00142	0.002033	0.002198	0.001968	0.002559	0.002243	0.002561	0.002326	0.002561	0.00355	0.004839	0.004746	0.004801	0.004917	0.005167	0.006482	0.006931	0.008484	0.008377	0.008829	0.010241	0.012516	0.014585	0.013612	0.015516	0.018534	0.021449	0.025444	0.023711	0.029776	0.027157	0.031882	0.035927	0.042253	0.042646	0.047593	0.050862	0.055103	0.058765	0.073888	0.072643	0.088697	0.088111	0.103207	0.110677	0.12211	0.140335	0.134672	0.155578	0.183097	0.16311	0.164674	0.18677	0.248596	0.271357	0.242152	0.266667	0.334842	0.378819	0.405694	0.264151	0.675497	0.494118
0.008223	0.000871	0.000496	0.000341	0.000382	0.000217	0.000369	0.000297	0.000338	0.000076	0.000265	0.000295	0.000264	0.000343	0.000648	0.000934	0.000951	0.001089	0.001728	0.001749	0.001837	0.001534	0.001953	0.001837	0.001355	0.001789	0.001381	0.001588	0.001423	0.001572	0.001554	0.00127	0.001531	0.001012	0.001224	0.001752	0.00171	0.001555	0.001881	0.001574	0.001979	0.001597	0.001883	0.002127	0.002248	0.002578	0.00282	0.003338	0.003992	0.003754	0.004477	0.00532	0.006164	0.006667	0.008064	0.008125	0.010032	0.009659	0.010775	0.013188	0.011941	0.01403	0.015965	0.018138	0.023203	0.023209	0.02517	0.026336	0.032221	0.033852	0.03614	0.040094	0.041365	0.046221	0.053457	0.05472	0.065934	0.064405	0.076258	0.090349	0.099975	0.102586	0.125603	0.138242	0.139321	0.135694	0.167487	0.202288	0.189469	0.236901	0.250364	0.220085	0.28833	0.202861	0.331395	0.411215	0.363229	0.439883	0.385027	0.45283	0.219512
0.007719	0.000748	0.000579	0.000198	0.000238	0.000173	0.000144	0.000037	0.000185	0.000224	0.000226	0.000208	0.000294	0.000187	0.000189	0.000378	0.001113	0.001401	0.001637	0.001882	0.002057	0.002377	0.001357	0.001653	0.001429	0.001457	0.00117	0.001509	0.001246	0.001178	0.001574	0.000933	0.001111	0.00097	0.00129	0.001236	0.001928	0.001797	0.0018	0.001912	0.001767	0.001951	0.00261	0.002772	0.002243	0.002483	0.002824	0.003325	0.003291	0.003575	0.003594	0.005018	0.006036	0.006413	0.007951	0.008137	0.008317	0.009248	0.009987	0.010804	0.013149	0.014064	0.014947	0.017485	0.018233	0.019409	0.022936	0.022398	0.029598	0.033413	0.034139	0.038119	0.042061	0.048326	0.048983	0.061467	0.06575	0.065334	0.078662	0.085578	0.086954	0.094059	0.111988	0.123176	0.141206	0.161603	0.151581	0.174383	0.176599	0.186889	0.205355	0.220024	0.312474	0.296386	0.304647	0.447257	0.392523	0.330097	0.416667	0.461538	0.483871
0.007114	0.000925	0.000356	0.000384	0.000328	0.000236	0.000343	0.000215	0.000146	0.000147	0.000297	0.000168	0.00015	0.000291	0.000408	0.000449	0.000655	0.000993	0.001195	0.001402	0.001245	0.001399	0.001892	0.001191	0.001393	0.001839	0.001367	0.001148	0.001645	0.00121	0.001352	0.001743	0.00143	0.00146	0.001031	0.0014	0.001262	0.001566	0.001616	0.001516	0.002111	0.001515	0.002222	0.002432	0.002026	0.001985	0.002593	0.003507	0.003134	0.004011	0.004256	0.005042	0.005119	0.005708	0.007096	0.007708	0.009009	0.007869	0.009392	0.009684	0.0122	0.013218	0.01477	0.015542	0.019004	0.022056	0.023633	0.024086	0.028668	0.030322	0.033388	0.037854	0.040988	0.044742	0.051683	0.051928	0.061625	0.068417	0.067888	0.084317	0.098805	0.099381	0.101465	0.127751	0.138381	0.146852	0.159538	0.195018	0.172372	0.191778	0.225033	0.269265	0.270784	0.257284	0.304918	0.309824	0.346392	0.418605	0.529412	0.331034	0.789474
0.006818	0.000738	0.000262	0.000224	0.000285	0.00026	0.000268	0.000068	0.000354	0.000145	0.00029	0.00011	0.000185	0.000259	0.000468	0.00055	0.000868	0.001388	0.001278	0.001783	0.001703	0.001643	0.001618	0.001876	0.0017	0.001677	0.001536	0.001307	0.001618	0.00178	0.001379	0.001364	0.001303	0.001298	0.001073	0.001084	0.001299	0.001357	0.001241	0.001488	0.001517	0.00178	0.001819	0.002082	0.002532	0.002571	0.002939	0.003367	0.003346	0.003837	0.003977	0.005646	0.004785	0.006318	0.007236	0.006841	0.008411	0.009134	0.010265	0.011033	0.013485	0.011866	0.015286	0.01556	0.018546	0.021188	0.020679	0.026954	0.0282	0.030899	0.035888	0.033516	0.039923	0.043988	0.050606	0.05617	0.060165	0.063188	0.076679	0.083758	0.086502	0.10597	0.110497	0.115605	0.121116	0.153466	0.17532	0.178508	0.191004	0.20715	0.247891	0.229714	0.241	0.325653	0.321822	0.412107	0.325175	0.415094	0.596859	0.451128	0.348837
0.007556	0.000665	0.000432	0.000357	0.000286	0.00022	0.000097	0.000298	0.000067	0.00028	0.000286	0.00018	0.000218	0.000256	0.000293	0.000533	0.001684	0.001371	0.00147	0.001182	0.00173	0.001255	0.001355	0.001136	0.001627	0.001491	0.001575	0.001513	0.00151	0.00124	0.001362	0.001214	0.001512	0.001351	0.001492	0.001452	0.001356	0.001389	0.001732	0.001552	0.001523	0.001388	0.001996	0.001881	0.001549	0.00231	0.002915	0.003367	0.003736	0.003378	0.003576	0.004817	0.005085	0.006472	0.006368	0.006818	0.008801	0.007773	0.010149	0.011291	0.013446	0.013281	0.015923	0.017362	0.018128	0.02001	0.022777	0.023711	0.025474	0.030895	0.034148	0.035406	0.037996	0.043564	0.049092	0.053478	0.06116	0.060436	0.071066	0.072858	0.094614	0.094062	0.098328	0.121998	0.137194	0.160849	0.15671	0.186276	0.188429	0.210014	0.211122	0.26722	0.298893	0.346392	0.283698	0.347734	0.290484	0.379747	0.4	0.684211	0.538462
0.007343	0.000676	0.000859	0.000264	0.000226	0.000284	0.000156	0.000192	0.000197	0.000234	0.000174	0.000212	0.000178	0.000216	0.000327	0.000726	0.00097	0.001156	0.001389	0.001972	0.001902	0.001207	0.000992	0.001024	0.001561	0.001474	0.001556	0.001631	0.001289	0.001437	0.001218	0.001447	0.001373	0.000931	0.001678	0.001589	0.001373	0.001281	0.001602	0.001491	0.002201	0.001784	0.002053	0.002751	0.001913	0.002687	0.003097	0.002113	0.002683	0.003855	0.004628	0.003901	0.005733	0.005552	0.006574	0.006787	0.00695	0.008291	0.00898	0.010527	0.012269	0.011529	0.014906	0.015433	0.017144	0.01902	0.023034	0.02294	0.026552	0.029723	0.030748	0.03777	0.037378	0.039695	0.043399	0.050317	0.057597	0.059879	0.058541	0.072844	0.096724	0.083689	0.113387	0.124908	0.127765	0.14906	0.160119	0.162614	0.178994	0.184848	0.223707	0.240182	0.281113	0.253227	0.323651	0.377863	0.353474	0.36855	0.311111	0.711111	0.171429
0.006291	0.000753	0.000304	0.000495	0.000132	0.000161	0.000346	0.000265	0.000191	0.000098	0.0001	0.000207	0.000387	0.000355	0.00054	0.000508	0.001159	0.001026	0.001018	0.000996	0.001343	0.001458	0.001151	0.00148	0.001507	0.001227	0.001516	0.001394	0.001653	0.001284	0.000784	0.001316	0.001316	0.001112	0.001509	0.001299	0.000904	0.001698	0.002029	0.001856	0.001926	0.001784	0.002257	0.001868	0.002257	0.002541	0.002492	0.002108	0.002997	0.003576	0.003142	0.003643	0.005187	0.004359	0.005863	0.007007	0.006986	0.007586	0.008597	0.010207	0.011386	0.011969	0.014222	0.014312	0.016833	0.016351	0.02057	0.021332	0.024904	0.027167	0.02838	0.032673	0.033092	0.038359	0.042356	0.045419	0.054243	0.055459	0.061483	0.070153	0.084082	0.087376	0.099286	0.099959	0.115727	0.133873	0.135545	0.168039	0.167657	0.18474	0.19286	0.23132	0.270677	0.280795	0.290389	0.353276	0.33871	0.457516	0.387833	0.375	0.337079
0.006647	0.000611	0.000171	0.000372	0.000264	0.000165	0.000129	0.000205	0.000156	0.000159	0.00018	0.000266	0.000138	0.000281	0.000478	0.000432	0.000723	0.000888	0.00146	0.001028	0.001348	0.0013	0.001181	0.001255	0.001102	0.001748	0.001332	0.001301	0.001257	0.001185	0.001122	0.001016	0.001227	0.001211	0.001457	0.00118	0.001462	0.001471	0.001407	0.001584	0.001195	0.001789	0.001539	0.001973	0.002661	0.002095	0.002748	0.003298	0.003115	0.003095	0.003517	0.003975	0.005138	0.005081	0.005362	0.006944	0.007139	0.007774	0.008586	0.010877	0.009581	0.012603	0.013079	0.01501	0.018884	0.016387	0.019267	0.020996	0.022042	0.024588	0.028098	0.03052	0.036254	0.041686	0.043027	0.050501	0.057051	0.058565	0.069171	0.074068	0.078968	0.093159	0.10995	0.114457	0.111172	0.132132	0.147606	0.172947	0.167364	0.223016	0.236231	0.231621	0.288638	0.278553	0.323587	0.347989	0.377565	0.346154	0.490196	0.568047	0.787879
0.006602	0.000594	0.000477	0.000447	0.000271	0.000231	0.000066	0.000129	0.000126	0.000156	0.000206	0.000163	0.000299	0.000326	0.000542	0.000495	0.000788	0.001061	0.00105	0.000982	0.001095	0.000957	0.001184	0.001086	0.00151	0.001546	0.000977	0.001163	0.001365	0.001344	0.001416	0.001142	0.001609	0.001281	0.001302	0.001462	0.000899	0.001483	0.001444	0.001232	0.001875	0.001644	0.001726	0.002014	0.001981	0.002244	0.002824	0.003283	0.002457	0.003219	0.003767	0.003589	0.003923	0.004857	0.005162	0.005608	0.007176	0.006743	0.006638	0.009559	0.009045	0.011699	0.011158	0.013038	0.012344	0.015668	0.016498	0.021071	0.024692	0.02644	0.027243	0.031869	0.033564	0.035162	0.038158	0.042796	0.050773	0.057994	0.063732	0.074599	0.089284	0.078287	0.098596	0.100002	0.117744	0.126583	0.146223	0.144933	0.178553	0.198452	0.224056	0.232712	0.20579	0.269123	0.311734	0.272	0.385542	0.377953	0.52568	0.502618	0.4375
0.006208	0.000622	0.00042	0.000136	0.000137	0.000135	0.000264	0.000198	0.000097	0.000032	0.000031	0.000253	0.000294	0.000281	0.000308	0.000417	0.000983	0.001098	0.001044	0.001157	0.001014	0.001276	0.001601	0.001072	0.001263	0.000753	0.001181	0.00117	0.000854	0.001333	0.001098	0.001229	0.001249	0.001355	0.001596	0.001229	0.001064	0.001466	0.001435	0.001234	0.001775	0.001425	0.001371	0.002399	0.002306	0.001875	0.001777	0.00241	0.002799	0.003294	0.003279	0.004202	0.00427	0.004606	0.00448	0.005502	0.006297	0.006163	0.007353	0.008695	0.009176	0.009488	0.013385	0.013138	0.014644	0.017537	0.015482	0.020521	0.022332	0.023828	0.028569	0.031758	0.035515	0.035063	0.0439	0.045833	0.045624	0.051534	0.054151	0.069764	0.06929	0.083353	0.093869	0.11586	0.110595	0.126599	0.148252	0.175063	0.185354	0.20687	0.231732	0.263007	0.304934	0.311145	0.341544	0.330632	0.340479	0.368715	0.45	0.312796	0.624
0.005516	0.00091	0.000086	0.000278	0.000305	0.000102	0.000302	0.000262	0.000131	0.000096	0.000125	0.000185	0.000188	0.000259	0.000329	0.000508	0.000447	0.000828	0.00136	0.000822	0.00108	0.000938	0.001206	0.000921	0.001	0.001542	0.001109	0.000743	0.001037	0.00135	0.000996	0.001165	0.000987	0.001271	0.001092	0.000964	0.001616	0.001361	0.001668	0.001392	0.002014	0.001551	0.001747	0.002011	0.00172	0.002544	0.002707	0.002338	0.002366	0.003393	0.003055	0.003854	0.004768	0.004079	0.005239	0.005972	0.005517	0.006494	0.007846	0.009217	0.008674	0.010305	0.011317	0.012605	0.014071	0.01516	0.017677	0.019407	0.020859	0.023048	0.024072	0.029076	0.031124	0.034515	0.040381	0.038442	0.048115	0.056018	0.062756	0.061555	0.077937	0.082913	0.093902	0.097883	0.115704	0.13723	0.140311	0.165087	0.202589	0.198022	0.215644	0.246284	0.228916	0.350592	0.296122	0.384977	0.383275	0.420108	0.358974	0.396476	0.75
0.005745	0.000462	0.000503	0.000204	0.000207	0.000168	0.000034	0.000265	0.000097	0.000161	0.000063	0.000278	0.000274	0.000265	0.000337	0.000357	0.00097	0.001183	0.001145	0.000971	0.001103	0.000949	0.00092	0.00079	0.000941	0.001059	0.00087	0.001076	0.001093	0.001107	0.0012	0.000846	0.001317	0.001248	0.00144	0.001316	0.001365	0.001337	0.00114	0.001565	0.00203	0.002009	0.001664	0.001682	0.001725	0.002472	0.002453	0.002837	0.002364	0.003268	0.003265	0.003453	0.00384	0.005066	0.005305	0.005209	0.005962	0.006334	0.006336	0.009216	0.008048	0.010196	0.010337	0.011435	0.014399	0.014766	0.014255	0.017998	0.020518	0.022972	0.026739	0.0292	0.029368	0.033505	0.035283	0.039219	0.049012	0.049938	0.056392	0.060192	0.075394	0.080683	0.093373	0.107533	0.116012	0.118258	0.142249	0.15093	0.180246	0.202509	0.219446	0.236165	0.27758	0.30138	0.33606	0.311841	0.38009	0.263415	0.423913	0.481013	0.295775
0.005787	0.000454	0.000282	0.000275	0.000168	0.000102	0.0001	0.000134	0.000033	0.000224	0.000064	0.000063	0.000215	0.000136	0.000603	0.000605	0.00074	0.000993	0.001037	0.000866	0.000895	0.001205	0.0008	0.001107	0.00095	0.001067	0.000694	0.001029	0.001101	0.001267	0.001194	0.00065	0.001075	0.000717	0.000838	0.001317	0.001436	0.00147	0.00139	0.00136	0.001387	0.001552	0.001312	0.001876	0.002065	0.002388	0.002529	0.002779	0.003044	0.002993	0.003572	0.003284	0.00366	0.004301	0.004711	0.005156	0.005722	0.005811	0.005548	0.008242	0.008048	0.009032	0.01074	0.011608	0.011612	0.012839	0.016896	0.01825	0.019451	0.022391	0.022987	0.027258	0.027599	0.032012	0.036543	0.03871	0.044607	0.046603	0.059081	0.062099	0.075824	0.076398	0.094092	0.103068	0.11614	0.130697	0.140373	0.14556	0.172771	0.196631	0.229564	0.231541	0.256371	0.323458	0.304753	0.372175	0.436066	0.341232	0.39905	0.497925	0.466216
0.005977	0.000477	0.000278	0.000105	0.000205	0.000201	0.000068	0.000166	0.000067	0.000163	0.000127	0.000159	0.000155	0.000305	0.000181	0.000338	0.000949	0.00096	0.001256	0.001069	0.000867	0.001105	0.001055	0.001098	0.0012	0.001196	0.000998	0.001083	0.001021	0.000763	0.000777	0.000763	0.001283	0.001373	0.000844	0.001183	0.00115	0.001524	0.001323	0.001445	0.001547	0.001858	0.001968	0.001934	0.00214	0.002025	0.002046	0.002299	0.002987	0.002714	0.003443	0.003963	0.00313	0.004054	0.00493	0.005743	0.005323	0.006204	0.006566	0.007672	0.007764	0.010211	0.009065	0.009848	0.012238	0.014554	0.015353	0.014264	0.018505	0.01701	0.020304	0.022932	0.027314	0.028605	0.033208	0.035451	0.037989	0.044443	0.047655	0.058654	0.066587	0.074229	0.084964	0.08988	0.103943	0.118415	0.119639	0.134808	0.167748	0.177953	0.20297	0.227136	0.233673	0.255587	0.315694	0.25946	0.337594	0.273001	0.375	0.513011	0.261745
0.005925	0.000373	0.000238	0.000242	0.000279	0.000203	0.000133	0.000169	0.000066	0.000233	0.000097	0.000126	0.00019	0.000248	0.000152	0.000511	0.000676	0.000885	0.00106	0.001293	0.001158	0.000811	0.000974	0.000905	0.000669	0.000888	0.001093	0.000863	0.000977	0.000929	0.000909	0.001015	0.001217	0.001024	0.000986	0.000903	0.001223	0.001357	0.001277	0.001145	0.001436	0.001571	0.001642	0.001474	0.001819	0.002006	0.002219	0.002382	0.002784	0.003167	0.003116	0.003808	0.003644	0.003954	0.004233	0.005411	0.005808	0.00602	0.006525	0.006729	0.008148	0.007783	0.010637	0.011336	0.012507	0.013456	0.015469	0.015232	0.01795	0.018275	0.0194	0.025092	0.027398	0.033085	0.030445	0.033818	0.040857	0.046218	0.049768	0.056886	0.065894	0.072327	0.077693	0.088424	0.103581	0.116758	0.131636	0.156495	0.163041	0.185921	0.203201	0.242335	0.253045	0.286762	0.265007	0.301283	0.358077	0.321448	0.39713	0.547368	0.718563
0.00546	0.000627	0.000371	0.00027	0.000138	0.000277	0.000101	0.000066	0.000101	0.000263	0.000132	0.000161	0.000126	0.000221	0.000279	0.000489	0.000423	0.000864	0.001214	0.000745	0.001321	0.001229	0.001055	0.000824	0.000695	0.000776	0.000901	0.001104	0.000741	0.000968	0.000997	0.000781	0.001101	0.001023	0.001364	0.001315	0.001312	0.001447	0.001299	0.001505	0.001692	0.001281	0.001387	0.00183	0.002007	0.002616	0.002072	0.002519	0.003379	0.002898	0.003017	0.003691	0.004033	0.004479	0.004313	0.005304	0.004585	0.006176	0.005629	0.007665	0.007861	0.008849	0.009171	0.01089	0.010729	0.013387	0.012805	0.014596	0.017648	0.018892	0.023089	0.024683	0.024108	0.031732	0.032402	0.03353	0.042649	0.0434	0.049334	0.058578	0.063917	0.077285	0.082666	0.086965	0.104077	0.111404	0.123745	0.145388	0.157098	0.180369	0.214852	0.210115	0.248798	0.263189	0.264976	0.282392	0.417298	0.369432	0.502247	0.48112	0.461538
0.005386	0.000849	0.000297	0.000168	0.000168	0.000171	0.000172	0.000134	0.000033	0.000133	0.000163	0.000098	0.00016	0.000252	0.00038	0.000374	0.000907	0.000791	0.00083	0.001157	0.001109	0.000882	0.001254	0.001185	0.000681	0.001126	0.001016	0.000646	0.001006	0.000716	0.000799	0.000749	0.001203	0.000981	0.000942	0.001149	0.001275	0.001124	0.00126	0.001528	0.00095	0.001756	0.001828	0.002039	0.001594	0.002463	0.002103	0.00176	0.002641	0.00282	0.00286	0.003264	0.003551	0.004359	0.003597	0.005466	0.005453	0.005401	0.006207	0.007029	0.007916	0.008616	0.010244	0.009184	0.011715	0.013511	0.014272	0.01536	0.016304	0.018848	0.020474	0.02228	0.02566	0.027118	0.031713	0.037163	0.039693	0.040796	0.050159	0.058821	0.06373	0.07447	0.079051	0.095577	0.098409	0.112972	0.145563	0.138449	0.149659	0.192952	0.194934	0.243245	0.221676	0.250613	0.277081	0.307498	0.334408	0.337263	0.258636	0.440621	0.803115
0.005192	0.000579	0.000189	0.000263	0.000134	0.000034	0.000068	0.000137	0.000133	0.000097	0.000132	0.000032	0.000097	0.000128	0.000471	0.000555	0.000609	0.001171	0.000876	0.000876	0.000867	0.001265	0.00103	0.000847	0.001111	0.000763	0.000664	0.000721	0.000875	0.00102	0.000986	0.001068	0.001707	0.001101	0.001351	0.000974	0.000935	0.001202	0.001252	0.001422	0.000994	0.001264	0.001804	0.001895	0.002385	0.002361	0.002357	0.002395	0.002053	0.002684	0.00285	0.00424	0.004128	0.003348	0.004509	0.004283	0.00501	0.005481	0.006029	0.006031	0.007313	0.009766	0.008376	0.008993	0.011322	0.013202	0.013128	0.014246	0.016329	0.018223	0.020594	0.022894	0.024153	0.026551	0.030804	0.032452	0.038199	0.041937	0.049515	0.05372	0.059415	0.065165	0.073753	0.090797	0.098378	0.111256	0.118601	0.137183	0.159321	0.166842	0.194797	0.215142	0.253991	0.265825	0.29965	0.349125	0.390036	0.322803	0.452953	0.548162	0.464396
0.005617	0.000243	0.000426	0.00022	0.000197	0.000167	0.0001	0.000034	0.000102	0	0.000161	0.000164	0.000128	0.000129	0.00019	0.000423	0.000537	0.000748	0.001145	0.000763	0.001009	0.001175	0.000993	0.001179	0.000285	0.000673	0.000883	0.00067	0.000725	0.000647	0.000742	0.000825	0.000848	0.000607	0.000847	0.000673	0.001006	0.001552	0.001166	0.001645	0.001222	0.001589	0.001612	0.001472	0.00213	0.002061	0.002463	0.002368	0.003003	0.002736	0.003443	0.002864	0.003629	0.003968	0.004306	0.00528	0.005214	0.005844	0.006722	0.005622	0.006303	0.006879	0.008572	0.009608	0.010196	0.010844	0.011857	0.013647	0.015728	0.018082	0.017156	0.021098	0.023697	0.024737	0.029705	0.033877	0.036315	0.040262	0.039857	0.047446	0.055264	0.065319	0.08214	0.081609	0.094233	0.108988	0.11424	0.127999	0.144276	0.163484	0.194443	0.204162	0.225122	0.253295	0.283208	0.2977	0.357298	0.423729	0.503488	0.460599	0.578676
0.005197	0.000545	0.000365	0.000092	0.000157	0.000033	0.000067	0.000067	0.000034	0.000034	0.000131	0.000032	0.000228	0.000223	0.000224	0.00041	0.000716	0.000912	0.000874	0.00098	0.000953	0.00109	0.000748	0.001074	0.000775	0.000855	0.000776	0.000934	0.000716	0.000768	0.001028	0.001171	0.000826	0.000831	0.000901	0.001117	0.000933	0.00095	0.001189	0.001066	0.001646	0.001917	0.001275	0.001599	0.002196	0.001936	0.001773	0.002089	0.002697	0.002476	0.002818	0.003413	0.003604	0.003406	0.003919	0.004987	0.005447	0.004842	0.006442	0.007616	0.006904	0.007418	0.008877	0.009969	0.009145	0.010791	0.013834	0.013896	0.01374	0.017681	0.019322	0.021673	0.021359	0.028212	0.026283	0.02877	0.034762	0.044233	0.048838	0.048653	0.05771	0.063349	0.070288	0.082022	0.098862	0.106956	0.111502	0.131909	0.164828	0.182137	0.183793	0.236132	0.240218	0.257148	0.281617	0.357369	0.336899	0.357741	0.435681	0.29394	0.469185
0.004517	0.000466	0.000213	0.000244	0.000153	0.000095	0.000066	0.000168	0.000034	0.000204	0.000204	0.000131	0.000127	0.000194	0.000285	0.000572	0.000658	0.00065	0.000787	0.001018	0.001004	0.000852	0.000726	0.000892	0.000856	0.000972	0.001037	0.00079	0.000908	0.000683	0.000578	0.000724	0.000627	0.000829	0.000911	0.00098	0.001077	0.00069	0.001451	0.001205	0.001333	0.001548	0.001588	0.001824	0.001586	0.002118	0.001942	0.002408	0.002651	0.002872	0.002876	0.003145	0.003589	0.003837	0.004497	0.004419	0.004664	0.004991	0.005983	0.006195	0.006938	0.008124	0.007944	0.008275	0.009699	0.010553	0.01271	0.012937	0.016511	0.017336	0.018415	0.020895	0.024546	0.023786	0.02962	0.030509	0.035607	0.040525	0.041356	0.046794	0.055605	0.062417	0.072716	0.084905	0.093128	0.098741	0.123114	0.14254	0.168346	0.16433	0.188407	0.222531	0.238862	0.273498	0.261168	0.333245	0.372104	0.348136	0.361446	0.480909	0.38134
0.004757	0.000384	0.000217	0.000061	0.000061	0.000061	0.000127	0.000066	0.000067	0.000101	0.000102	0.000203	0.000065	0.000063	0.000032	0.000441	0.000472	0.000528	0.000833	0.000895	0.000882	0.000728	0.000914	0.000633	0.000664	0.000964	0.000577	0.000704	0.000749	0.000603	0.000715	0.000801	0.000606	0.000858	0.000628	0.001063	0.001323	0.000726	0.000963	0.001316	0.001439	0.001525	0.001771	0.00145	0.001423	0.002133	0.002419	0.002146	0.00281	0.002495	0.003102	0.002787	0.003207	0.003906	0.004582	0.004192	0.004876	0.005644	0.005904	0.006491	0.006299	0.00696	0.008103	0.009312	0.008766	0.011259	0.011046	0.012728	0.013463	0.016388	0.017426	0.022213	0.02036	0.025224	0.028051	0.02955	0.033156	0.034802	0.04621	0.046354	0.055797	0.059444	0.067612	0.08092	0.085839	0.106017	0.114983	0.130396	0.165512	0.15858	0.18267	0.204505	0.202937	0.212191	0.225608	0.28716	0.340581	0.382672	0.364369	0.472554	0.777324
0.006042	0.000387	0.000191	0.000278	0.000181	0.000182	0.000092	0.000284	0.000099	0.000101	0.0001	0.000101	0	0.000097	0.000189	0.000384	0.000467	0.000655	0.000461	0.000717	0.000629	0.000626	0.0008	0.000625	0.000834	0.00068	0.000906	0.000841	0.000646	0.000437	0.000767	0.000658	0.000894	0.001	0.000801	0.000922	0.001157	0.001377	0.001127	0.001203	0.001369	0.001216	0.001374	0.001457	0.001759	0.001571	0.002081	0.002403	0.002302	0.002963	0.00271	0.003444	0.003166	0.004221	0.004751	0.00437	0.005263	0.004735	0.005318	0.006308	0.006981	0.007543	0.007552	0.008557	0.009177	0.010142	0.01166	0.014813	0.014355	0.015958	0.017729	0.017682	0.023498	0.026076	0.023371	0.030857	0.033706	0.03644	0.040528	0.049324	0.052193	0.059123	0.071303	0.076838	0.093971	0.100562	0.127719	0.137753	0.147047	0.149188	0.204124	0.212258	0.210788	0.267082	0.337269	0.328081	0.448724	0.420572	0.428397	0.472497	0.496903
0.004233	0.000394	0.000191	0.000094	0.000183	0.00018	0.000091	0	0.000094	0.000196	0.0001	0.000199	0.0001	0.000199	0.000192	0.000374	0.000189	0.000461	0.000827	0.000978	0.000605	0.000785	0.00069	0.000596	0.001113	0.000799	0.000559	0.000867	0.000702	0.000823	0.000626	0.000736	0.000846	0.000971	0.000752	0.000997	0.001006	0.000676	0.000895	0.000992	0.001178	0.001343	0.001591	0.001349	0.001625	0.002022	0.001937	0.002058	0.002775	0.002284	0.00284	0.00308	0.003042	0.003633	0.004015	0.004434	0.005085	0.004822	0.005844	0.005778	0.007006	0.007343	0.008038	0.008955	0.009351	0.010373	0.012591	0.012568	0.013887	0.01456	0.017053	0.021015	0.020596	0.026256	0.027394	0.030081	0.035163	0.038725	0.039531	0.04244	0.054067	0.057579	0.065522	0.076275	0.08578	0.093907	0.11529	0.130383	0.146131	0.165776	0.191749	0.211886	0.226763	0.258546	0.304393	0.352855	0.31268	0.384505	0.412155	0.469116	0.536119
0.003641	0.00039	0.000193	0.000188	0.000093	0.000272	0.000089	0.00018	0.00009	0.000093	0	0	0.000098	0.000099	0.000293	0.000283	0.000368	0.000653	0.000635	0.000624	0.000517	0.000844	0.000595	0.000914	0.000492	0.000904	0.000851	0.000625	0.000735	0.000762	0.000686	0.001098	0.000907	0.000712	0.000832	0.001141	0.001286	0.000866	0.000766	0.000872	0.001397	0.001258	0.001316	0.001753	0.001797	0.001693	0.001612	0.002677	0.002322	0.002651	0.002853	0.003599	0.00296	0.003593	0.004379	0.004982	0.005429	0.004859	0.005998	0.006393	0.006344	0.007006	0.008914	0.008546	0.009096	0.011308	0.010972	0.012168	0.01297	0.015911	0.015727	0.015434	0.020124	0.021881	0.027592	0.02717	0.02926	0.036701	0.041229	0.044198	0.052527	0.060335	0.061202	0.070463	0.085328	0.101209	0.102306	0.132077	0.129013	0.152063	0.196439	0.192326	0.216262	0.234358	0.294879	0.331062	0.308561	0.40013	0.376974	0.438962	0.45285
0.00401	0.000488	0.000096	0.00019	0.000185	0.000183	0	0.000088	0.000178	0.00009	0.000184	0	0.000097	0.000194	0.000194	0.000287	0.000277	0.000453	0.000738	0.000799	0.000872	0.000851	0.000669	0.000666	0.000972	0.000955	0.000876	0.000905	0.000772	0.000878	0.000729	0.000751	0.001054	0.000776	0.000882	0.000904	0.000903	0.001036	0.001258	0.00117	0.001379	0.001365	0.001538	0.001685	0.001911	0.002138	0.001759	0.002057	0.002643	0.003062	0.002723	0.002831	0.00338	0.004176	0.004423	0.004083	0.004194	0.004911	0.005679	0.006955	0.007389	0.008167	0.007839	0.009424	0.009555	0.010387	0.010616	0.012908	0.013629	0.014914	0.017028	0.016465	0.020699	0.024236	0.024923	0.029235	0.034356	0.036332	0.041158	0.047055	0.054048	0.059163	0.065319	0.07371	0.090103	0.099206	0.121025	0.12217	0.132501	0.167196	0.172123	0.197047	0.233036	0.268838	0.284181	0.325666	0.363759	0.404993	0.394701	0.50702	0.632638
0.00371	0.000388	0.000096	0.000188	0.000093	0.000091	0.000091	0.000089	0.000087	0.000176	0	0.000091	0.000189	0.000193	0.000096	0.000475	0.000469	0.000546	0.000719	0.000727	0.000612	0.000779	0.000849	0.000662	0.000987	0.000718	0.000702	0.001012	0.00056	0.000665	0.000933	0.000968	0.000818	0.000742	0.001033	0.001046	0.000973	0.000972	0.001007	0.000918	0.001553	0.001245	0.001334	0.00181	0.001656	0.001785	0.001741	0.001828	0.00259	0.002428	0.003038	0.003383	0.003499	0.003364	0.004069	0.004695	0.005032	0.005167	0.006013	0.007336	0.006529	0.006746	0.008874	0.008816	0.010168	0.009329	0.011867	0.012403	0.012111	0.014613	0.016394	0.019199	0.020369	0.021529	0.023435	0.026051	0.030212	0.034691	0.042542	0.044695	0.050658	0.061261	0.0683	0.078112	0.083083	0.089614	0.102111	0.130171	0.137735	0.161313	0.185812	0.209605	0.225241	0.247705	0.299532	0.303284	0.315526	0.382663	0.345026	0.310738	0.449736
0.004704	0.000485	0.000287	0.000189	0.000093	0.000092	0.00018	0.000089	0.000088	0.000086	0.000175	0.000088	0.00009	0.00028	0.00019	0.000188	0.000654	0.000463	0.000633	0.00062	0.000627	0.000777	0.001032	0.001006	0.000898	0.001054	0.000705	0.000459	0.000837	0.000935	0.000889	0.000824	0.000771	0.001237	0.001174	0.000914	0.000925	0.001324	0.001424	0.001178	0.001493	0.001116	0.001421	0.001411	0.001385	0.002208	0.002041	0.002357	0.002447	0.002201	0.002971	0.00312	0.003763	0.003875	0.004893	0.004441	0.00526	0.00589	0.005168	0.007122	0.007335	0.00675	0.007856	0.007866	0.009395	0.011145	0.01211	0.012062	0.012363	0.014223	0.016161	0.016607	0.021419	0.022419	0.026031	0.028641	0.02921	0.035387	0.0397	0.044576	0.04585	0.058473	0.065237	0.070095	0.082106	0.098629	0.11037	0.126743	0.149585	0.15102	0.178917	0.194438	0.211732	0.24002	0.257217	0.294529	0.29926	0.426545	0.339335	0.561842	0.423311
0.004317	0.000195	0.000287	0	0.000093	0.000091	0.000091	0.000089	0.000177	0.000173	0.000086	0.000087	0.000087	0.000178	0.00037	0.000376	0.000464	0.000371	0.000461	0.000715	0.000526	0.000886	0.000515	0.000765	0.000496	0.000644	0.000879	0.000694	0.000905	0.000598	0.000688	0.000792	0.000727	0.000755	0.000608	0.000795	0.000896	0.001359	0.000837	0.000932	0.00106	0.001469	0.001098	0.001502	0.002088	0.001762	0.001807	0.00267	0.002611	0.002524	0.002556	0.002962	0.003401	0.00308	0.004452	0.003738	0.005009	0.004978	0.005319	0.005367	0.006623	0.007336	0.00718	0.008191	0.009	0.009282	0.010326	0.012921	0.012651	0.013767	0.015724	0.017594	0.017962	0.019521	0.023015	0.026047	0.028333	0.034542	0.039832	0.042239	0.049511	0.051947	0.057385	0.071323	0.075895	0.088409	0.095384	0.116069	0.122075	0.137509	0.150906	0.194032	0.196603	0.232095	0.254169	0.256573	0.302804	0.330505	0.371402	0.409865	0.465091
0.005429	0.000294	0	0.00019	0.000094	0.000185	0.000091	0	0	0.000088	0.000086	0.000085	0	0.000173	0.000177	0.000277	0.000187	0.000463	0.000556	0.000829	0.000625	0.0007	0.000619	0.00077	0.000847	0.000659	0.000722	0.000398	0.000768	0.0009	0.000967	0.000836	0.000865	0.000963	0.001002	0.000689	0.001142	0.001247	0.001081	0.001017	0.001204	0.001534	0.00156	0.001789	0.001396	0.001685	0.00205	0.002184	0.001931	0.00234	0.002703	0.002923	0.003522	0.003877	0.004726	0.004364	0.004805	0.005306	0.005745	0.006101	0.006367	0.007052	0.007579	0.0084	0.008679	0.010084	0.011844	0.010786	0.013427	0.014488	0.015289	0.016777	0.018297	0.020739	0.024229	0.028097	0.026156	0.035578	0.036258	0.040929	0.045348	0.052862	0.05917	0.070179	0.079372	0.097498	0.098535	0.113211	0.140003	0.153752	0.169859	0.180864	0.203313	0.23969	0.253597	0.308716	0.321836	0.347973	0.45152	0.398422	0.481245
